100.0
0.9999999944125095+0.0j	-3.011084381832063e-09+0.0j	-1.5529840191597089e-09+0.0j	0.0+0.0j	0.0+0.0j	0.0+0.0j	0.0+0.0j	0.0+0.0j	0.0+0.0j	0.0+0.0j	0.0+0.0j	0.0+0.0j	
-3.011084381832063e-09+0.0j	0.9999999987995145+0.0j	3.452445385132563e-09+0.0j	0.0+0.0j	0.0+0.0j	0.0+0.0j	0.0+0.0j	0.0+0.0j	0.0+0.0j	0.0+0.0j	0.0+0.0j	0.0+0.0j	
-1.5529840191597089e-09+0.0j	3.452445385132563e-09+0.0j	1.0000000065341785+0.0j	0.0+0.0j	0.0+0.0j	0.0+0.0j	0.0+0.0j	0.0+0.0j	0.0+0.0j	0.0+0.0j	0.0+0.0j	0.0+0.0j	
0.0+0.0j	0.0+0.0j	0.0+0.0j	0.9999999977353671+0.0j	4.152045500168192e-09+0.0j	-4.2447222000328855e-09+0.0j	-3.913773006581408e-10+0.0j	-6.599128049566971e-10+0.0j	5.134129018192352e-10+0.0j	8.09532399448365e-10+0.0j	-7.928020059021212e-10+0.0j	2.1657372839545275e-09+0.0j	
0.0+0.0j	0.0+0.0j	0.0+0.0j	4.152045500168192e-09+0.0j	1.0000000060671728+0.0j	-4.3490885892616404e-09+0.0j	-1.1835982194341454e-10+0.0j	-1.150918582659699e-09+0.0j	3.461172293217629e-09+0.0j	6.191656354292974e-10+0.0j	9.367604858478984e-09+0.0j	6.628462400487534e-09+0.0j	
0.0+0.0j	0.0+0.0j	0.0+0.0j	-4.2447222000328855e-09+0.0j	-4.3490885892616404e-09+0.0j	0.9999999897704461+0.0j	2.3312025643207335e-09+0.0j	3.862462127912636e-09+0.0j	-3.2545398043204443e-09+0.0j	1.4012069837754382e-09+0.0j	-1.4907182016576925e-09+0.0j	7.217785299995505e-09+0.0j	
0.0+0.0j	0.0+0.0j	0.0+0.0j	-3.913773006581408e-10+0.0j	-1.1835982194341454e-10+0.0j	2.3312025643207335e-09+0.0j	1.00000000349673+0.0j	6.254539980116852e-09+0.0j	-6.91117396645069e-09+0.0j	3.4073309204511737e-09+0.0j	3.1012180740086492e-09+0.0j	-7.650927959755582e-10+0.0j	
0.0+0.0j	0.0+0.0j	0.0+0.0j	-6.599128049566971e-10+0.0j	-1.150918582659699e-09+0.0j	3.862462127912636e-09+0.0j	6.254539980116852e-09+0.0j	0.9999999930338461+0.0j	2.6297538131478393e-09+0.0j	1.0102712971749028e-08+0.0j	2.1613983866575204e-10+0.0j	-2.620859529400832e-09+0.0j	
0.0+0.0j	0.0+0.0j	0.0+0.0j	5.134129018192352e-10+0.0j	3.461172293217629e-09+0.0j	-3.2545398043204443e-09+0.0j	-6.91117396645069e-09+0.0j	2.6297538131478393e-09+0.0j	0.9999999949419468+0.0j	6.276061371990327e-10+0.0j	4.819301790970343e-09+0.0j	-7.034099405375804e-09+0.0j	
0.0+0.0j	0.0+0.0j	0.0+0.0j	8.09532399448365e-10+0.0j	6.191656354292974e-10+0.0j	1.4012069837754382e-09+0.0j	3.4073309204511737e-09+0.0j	1.0102712971749028e-08+0.0j	6.276061371990327e-10+0.0j	1.0000000032804692+0.0j	-6.245950884969931e-09+0.0j	3.009174076584742e-09+0.0j	
0.0+0.0j	0.0+0.0j	0.0+0.0j	-7.928020059021212e-10+0.0j	9.367604858478984e-09+0.0j	-1.4907182016576925e-09+0.0j	3.1012180740086492e-09+0.0j	2.1613983866575204e-10+0.0j	4.819301790970343e-09+0.0j	-6.245950884969931e-09+0.0j	0.9999999990964363+0.0j	-5.894347304517822e-09+0.0j	
0.0+0.0j	0.0+0.0j	0.0+0.0j	2.1657372839545275e-09+0.0j	6.628462400487534e-09+0.0j	7.217785299995505e-09+0.0j	-7.650927959755582e-10+0.0j	-2.620859529400832e-09+0.0j	-7.034099405375804e-09+0.0j	3.009174076584742e-09+0.0j	-5.894347304517822e-09+0.0j	1.0000000037781638+0.0j	

28.0
0.9999999944125095+0.0j	-3.1396741317912813e-09+0.0j	-2.2137242594588713e-09+0.0j	0.0+0.0j	0.0+0.0j	0.0+0.0j	0.0+0.0j	0.0+0.0j	0.0+0.0j	0.0+0.0j	0.0+0.0j	0.0+0.0j	
-3.011084381832063e-09+0.0j	1.0000000012397934+0.0j	1.0193721100559827e-07+0.0j	0.0+0.0j	0.0+0.0j	0.0+0.0j	0.0+0.0j	0.0+0.0j	0.0+0.0j	0.0+0.0j	0.0+0.0j	0.0+0.0j	
-1.5529840191597089e-09+0.0j	-1.028209218878473e-07+0.0j	1.0000000059735044+0.0j	0.0+0.0j	0.0+0.0j	0.0+0.0j	0.0+0.0j	0.0+0.0j	0.0+0.0j	0.0+0.0j	0.0+0.0j	0.0+0.0j	
0.0+0.0j	0.0+0.0j	0.0+0.0j	0.9999930428926769+0.0j	0.0009627130220682002+0.0j	-0.0001675710137083999+0.0j	-0.0015501524939739+0.0j	-0.0020162064249035216+0.0j	-0.0007708370552912003+0.0j	0.002082064013589499+0.0j	0.0012462124496409998+0.0j	0.00010046076436998064+0.0j	
0.0+0.0j	0.0+0.0j	0.0+0.0j	0.0009627618251368002+0.0j	0.7711849605725722+0.0j	-0.4034188922253392+0.0j	0.20664476657845432+0.0j	0.276831949027114+0.0j	0.10587496078968+0.0j	-0.2868720188622902+0.0j	-0.17172863912001346+0.0j	-0.013865418253902702+0.0j	
0.0+0.0j	0.0+0.0j	0.0+0.0j	0.00016757651363090014+0.0j	0.40341816604350167+0.0j	0.9077153938521014+0.0j	0.072357243976714+0.0j	0.058156074232396326+0.0j	0.02208363794380999+0.0j	-0.05560440609340481+0.0j	-0.03319880599431824+0.0j	-0.0026689096130447006+0.0j	
0.0+0.0j	0.0+0.0j	0.0+0.0j	-0.0015501200861973003+0.0j	0.20664549766488852+0.0j	-0.07235621260271036+0.0j	0.653992536287341+0.0j	-0.44937551019275346+0.0j	-0.17180705549508823+0.0j	0.463972218020521+0.0j	0.2777134440489051+0.0j	0.022418349487067404+0.0j	
0.0+0.0j	0.0+0.0j	0.0+0.0j	-0.0020161807438843077+0.0j	0.27683190051506035+0.0j	-0.05815452156037301+0.0j	-0.4493753157100029+0.0j	0.415698121993184+0.0j	-0.22339626216808636+0.0j	0.6033657063929809+0.0j	0.3611494829765134+0.0j	0.029153982708379045+0.0j	
0.0+0.0j	0.0+0.0j	0.0+0.0j	-0.0007708661007865116+0.0j	0.10587533977128266+0.0j	-0.02208313405360071+0.0j	-0.17180719630959168+0.0j	-0.2233950142119348+0.0j	0.9145893252463453+0.0j	0.23068489390762265+0.0j	0.13807865654397994+0.0j	0.011146475319899516+0.0j	
0.0+0.0j	0.0+0.0j	0.0+0.0j	0.0020820334295664905+0.0j	-0.2868724250405678+0.0j	0.055602899054083305+0.0j	0.4639727425799487+0.0j	0.6033658890372955+0.0j	0.2306844744706134+0.0j	0.3769378838032784+0.0j	-0.3729386532302522+0.0j	-0.030105844215522093+0.0j	
0.0+0.0j	0.0+0.0j	0.0+0.0j	0.0012462534504805005+0.0j	-0.17172863482068257+0.0j	0.033197853191263005+0.0j	0.2777130566768011+0.0j	0.36114943637757757+0.0j	0.1380777204342561+0.0j	-0.37293945007321044+0.0j	0.7767742082638991+0.0j	-0.018019769350996778+0.0j	
0.0+0.0j	0.0+0.0j	0.0+0.0j	0.00010074052463149297+0.0j	-0.013865354926124899+0.0j	0.002668831901001501+0.0j	0.022418411864595502+0.0j	0.029153949931154888+0.0j	0.011146375849331194+0.0j	-0.030105588858385268+0.0j	-0.018020290988513397+0.0j	0.9985453268331261+0.0j	

11.0
0.9999999908826838+0.0j	-3.0373650960702214e-05+0.0j	4.721505433902262e-06+0.0j	2.1297851400000002e-08+0.0j	7.0263806e-09+0.0j	0.0+0.0j	-6.655933999999996e-09+0.0j	-7.346248200000015e-09+0.0j	-3.309056999999995e-10+0.0j	-7.572782599999998e-09+0.0j	-6.4172904e-09+0.0j	4.8651442499999994e-08+0.0j	
3.037170950676016e-05+0.0j	0.9999999991748847+0.0j	6.410730516798191e-06+0.0j	1.5367252900000004e-08+0.0j	6.1187769e-09+0.0j	0.0+0.0j	-3.9861697100000004e-08+0.0j	1.737286250000001e-08+0.0j	4.3445402e-08+0.0j	7.50975877e-08+0.0j	-1.0594622329999999e-07+0.0j	1.2728196350000001e-07+0.0j	
-4.728765122308243e-06+0.0j	-6.410136867418537e-06+0.0j	1.0000000039767154+0.0j	1.7722936910000002e-07+0.0j	-3.6318789e-09+0.0j	0.0+0.0j	1.402381679e-07+0.0j	-1.501473157e-07+0.0j	-3.7581744800000003e-08+0.0j	1.7335750999999994e-09+0.0j	-5.323735709999999e-08+0.0j	5.686725299999992e-09+0.0j	
-2.0055215399999996e-08+0.0j	-1.5275210699999995e-08+0.0j	-1.7006681959999999e-07+0.0j	0.9999965355689329+0.0j	8.413887856019995e-05+0.0j	-0.0019074235171812996+0.0j	-0.0007907317055483999+0.0j	-0.0010046465667137017+0.0j	-0.0007886081934993035+0.0j	0.0020743937249965982+0.0j	0.0012642031688870985+0.0j	9.114031005630352e-05+0.0j	
-7.306049800000001e-09+0.0j	-6.0610423999999974e-09+0.0j	1.0267449700000001e-08+0.0j	5.389089387410008e-05+0.0j	0.9986223023372418+0.0j	0.036812667430615315+0.0j	0.01670205407296005+0.0j	0.020783882915700852+0.0j	0.10618439920098913+0.0j	-0.28695904013966145+0.0j	-0.17163762183830034+0.0j	-0.013826689526321004+0.0j	
-1.4851552000000002e-09+0.0j	1.3701038000000002e-08+0.0j	1.4800166400000005e-08+0.0j	0.0018988812856793+0.0j	-0.03909351602544059+0.0j	0.04658661971737599+0.0j	0.4424521997569244+0.0j	0.5560462313766785+0.0j	0.022666945069511446+0.0j	-0.055747871197949106+0.0j	-0.032957334190677035+0.0j	-0.0026392133169671015+0.0j	
9.6490193e-09+0.0j	4.023100920000001e-08+0.0j	-1.4606872720000001e-07+0.0j	-0.0008182403341047007+0.0j	0.015384939625695926+0.0j	-0.4423670692505228+0.0j	0.8129854087669232+0.0j	-0.23511877653985033+0.0j	-0.17247873509561443+0.0j	0.4641814331375439+0.0j	0.2774525697009893+0.0j	0.022430174099240308+0.0j	
3.5978000999999993e-09+0.0j	-2.49327541e-08+0.0j	1.446702602e-07+0.0j	-0.0010185220314868904+0.0j	0.019562948308775502+0.0j	-0.5565646328073103+0.0j	-0.23520174156972357+0.0j	0.7042973325787132+0.0j	-0.2222782194452554+0.0j	0.6035739697731862+0.0j	0.36073001599019017+0.0j	0.0291475220385789+0.0j	
-3.5517829000000012e-09+0.0j	-4.22637389e-08+0.0j	3.851680509999999e-08+0.0j	-0.00037186406111880226+0.0j	0.007453835713659596+0.0j	-0.21270690879155518+0.0j	-0.08988273908350453+0.0j	-0.11495820704163022+0.0j	0.9142709770173416+0.0j	0.2307189687908362+0.0j	0.13797775352127623+0.0j	0.011071843479425235+0.0j	
1.3106574899999998e-08+0.0j	-7.03927945e-08+0.0j	4.801471299999981e-09+0.0j	0.0010492041764341986+0.0j	-0.02011790496191243+0.0j	0.5724103984213454+0.0j	0.241897423600119+0.0j	0.30411205717485623+0.0j	0.23158203595907462+0.0j	0.37672724033861205+0.0j	-0.3733899190463744+0.0j	-0.029948328822826387+0.0j	
3.5284930999999986e-09+0.0j	1.1444806929999999e-07+0.0j	5.773812190000002e-08+0.0j	0.0006037103377969919+0.0j	-0.012020490265698791+0.0j	0.34257159846480195+0.0j	0.14478384315350568+0.0j	0.18207002308706044+0.0j	0.13855289945143018+0.0j	-0.37224502914115354+0.0j	0.7769946788052897+0.0j	-0.018298043783716706+0.0j	
-5.0391555199999996e-08+0.0j	-1.317661092e-07+0.0j	-6.8530848999999975e-09+0.0j	5.961696593706489e-05+0.0j	-0.0010000334006627+0.0j	0.027655986042538397+0.0j	0.0116492261726134+0.0j	0.01466294300631954+0.0j	0.011249553879975555+0.0j	-0.030238942394638257+0.0j	-0.01770369592020101+0.0j	0.9985469122552922+0.0j	

9.6
0.9999999792680366+0.0j	-0.00016695100158509169+0.0j	2.5979550134447305e-05+0.0j	1.276595898e-07+0.0j	2.10022022e-08+0.0j	7.0263806e-09+0.0j	-1.850026700000003e-08+0.0j	-3.0024728e-08+0.0j	1.1889229400000025e-08+0.0j	-7.37840749e-08+0.0j	-2.8001478999999845e-09+0.0j	2.563446883e-07+0.0j	
0.0001669520011091663+0.0j	0.9999999826187662+0.0j	3.671639381530589e-05+0.0j	1.0623775780000006e-07+0.0j	2.21392903e-08+0.0j	6.1187769e-09+0.0j	-2.693848943e-07+0.0j	1.164747288e-07+0.0j	2.9719548700000003e-07+0.0j	4.5741306e-07+0.0j	-6.914254603e-07+0.0j	7.970458601e-07+0.0j	
-2.597872209636476e-05+0.0j	-3.671008919783891e-05+0.0j	1.0000000041715895+0.0j	1.031705663e-06+0.0j	-5.97390939e-08+0.0j	-3.6318789e-09+0.0j	8.595286626999999e-07+0.0j	-9.08147652e-07+0.0j	-2.472518726e-07+0.0j	-5.403955600000045e-09+0.0j	-3.442716861e-07+0.0j	4.904381269999992e-08+0.0j	
-1.3525887679999997e-07+0.0j	-1.0862238159999995e-07+0.0j	-1.0241150127999999e-06+0.0j	0.9999955581020069+0.0j	0.0010737958997632+0.0j	-0.0015827386012102998+0.0j	-0.0006451293562565992+0.0j	-0.0017501000660881116+0.0j	-0.0010339394328031193+0.0j	0.0005416955851513805+0.0j	0.001211035025848993+0.0j	0.00011609229819539713+0.0j	
-2.9197980900000003e-08+0.0j	4.969966000000165e-10+0.0j	8.792126539999997e-08+0.0j	0.000731085342966+0.0j	0.7576196571307072+0.0j	0.46676599270144953+0.0j	0.19216378808919626+0.0j	0.2545878071563701+0.0j	0.10173960811450317+0.0j	-0.26665649242603395+0.0j	-0.15742749333575257+0.0j	-0.012421969241336601+0.0j	
-6.024180100000001e-09+0.0j	-3.981236299999999e-08+0.0j	-4.314539699999998e-08+0.0j	-0.0017738286449668996+0.0j	0.43879616740270355+0.0j	0.15320710590408193+0.0j	-0.36966490716668465+0.0j	-0.4951727167162314+0.0j	-0.19742794691064441+0.0j	0.5186579460569443+0.0j	0.30583577609945717+0.0j	0.0247479204916709+0.0j	
3.22822145e-08+0.0j	2.5337352789999996e-07+0.0j	-8.861252385e-07+0.0j	-0.0008608338048631003+0.0j	0.20044891549739646+0.0j	-0.36444797688120045+0.0j	0.8408590256185066+0.0j	-0.21286266800239456+0.0j	-0.08533720878857388+0.0j	0.22306707367304046+0.0j	0.13175926760502107+0.0j	0.010981254149458004+0.0j	
-7.340687699999994e-09+0.0j	-1.611979252e-07+0.0j	8.963873625999999e-07+0.0j	-0.0010619885315048955+0.0j	0.2721559309810851+0.0j	-0.48956080227295606+0.0j	-0.21386882681927788+0.0j	0.7113301870107884+0.0j	-0.10133168100734516+0.0j	0.29898644824354303+0.0j	0.1777135942123395+0.0j	0.01478217279844768+0.0j	
6.19501675e-08+0.0j	-2.672559937e-07+0.0j	1.95119561e-07+0.0j	-0.00026070299298310245+0.0j	0.10408264413730292+0.0j	-0.1877438158050045+0.0j	-0.08169054671260881+0.0j	-0.1202029347025268+0.0j	0.9538587009620033+0.0j	0.11260150008497057+0.0j	0.06978011269994033+0.0j	0.005526695720671743+0.0j	
2.8418239799999997e-08+0.0j	-4.6695166029999993e-07+0.0j	4.855689789999993e-08+0.0j	0.001124967261388804+0.0j	-0.2823791216302617+0.0j	0.5080094984664028+0.0j	0.2217830286817809+0.0j	0.29493878291361725+0.0j	0.11745095928339824+0.0j	0.6876698738485505+0.0j	-0.1893310928937393+0.0j	-0.013474549165556127+0.0j	
5.6673256699999995e-08+0.0j	7.353592310999999e-07+0.0j	3.4687513610000005e-07+0.0j	0.0004475142957615975+0.0j	-0.16869859639786516+0.0j	0.3037430333323219+0.0j	0.13296850839326319+0.0j	0.1812707845689737+0.0j	0.06876225266743102+0.0j	-0.18100612346749761+0.0j	0.8916822100112238+0.0j	-0.010895842161364435+0.0j	
-1.85102456e-07+0.0j	-7.615839986e-07+0.0j	-6.940271670000008e-08+0.0j	0.0001037751545809873+0.0j	-0.013755400382886498+0.0j	0.0241109246798644+0.0j	0.0104897303957507+0.0j	0.01784581691542514+0.0j	0.008491862091954237+0.0j	-0.014187498618915939+0.0j	-0.008244323409600653+0.0j	0.9987621982566816+0.0j	

8.79
0.9999999103867505+0.0j	-0.0004138252803970177+0.0j	6.432431430641872e-05+0.0j	2.764321796999999e-07+0.0j	-6.97647697e-08+0.0j	-2.7964823500000004e-08+0.0j	-7.067594009999995e-08+0.0j	4.7085958400000015e-08+0.0j	-6.377328199999914e-09+0.0j	2.34414411e-07+0.0j	1.0341362679999998e-07+0.0j	-5.869572595000002e-07+0.0j	
0.00041381492105779794+0.0j	0.9999999099449643+0.0j	9.405757982380858e-05+0.0j	3.1845789869999994e-07+0.0j	-9.7370968e-08+0.0j	-3.5275187400000007e-08+0.0j	-6.992097134999999e-07+0.0j	-3.0650824679999985e-07+0.0j	8.26011437e-07+0.0j	-1.2064774969999998e-06+0.0j	-1.8649545425e-06+0.0j	-2.1322219345000004e-06+0.0j	
-6.435688621292401e-05+0.0j	-9.402954764362037e-05+0.0j	0.9999999994456074+0.0j	2.6407517612999996e-06+0.0j	2.7919844519999997e-07+0.0j	7.92062486e-08+0.0j	2.2922283287e-06+0.0j	2.4657728283999997e-06+0.0j	-7.959047897999999e-07+0.0j	4.5408505800000024e-08+0.0j	-9.594530690999999e-07+0.0j	-1.8469105349999985e-07+0.0j	
-3.228826467999999e-07+0.0j	-7.791547206e-07+0.0j	-2.2952679943e-06+0.0j	0.9761248469129392+0.0j	0.0007817408641937+0.0j	5.622906747950016e-05+0.0j	-0.00038011842382420005+0.0j	-0.1231899294710351+0.0j	0.0015092102740671958+0.0j	-0.11668335092600579+0.0j	-6.39533729410004e-05+0.0j	-0.13559675808124338+0.0j	
1.5454596740000003e-07+0.0j	-1.0279696677e-06+0.0j	-2.3692932487000003e-06+0.0j	-0.0007471178527811999+0.0j	0.29131145050121016+0.0j	-0.13077959382156687+0.0j	0.620603308178118+0.0j	0.27243347520646527+0.0j	0.3330566244419494+0.0j	-0.2750442565816553+0.0j	-0.5019323763925885+0.0j	-0.012375218746402001+0.0j	
3.5501203200000007e-08+0.0j	-2.1281531709999997e-07+0.0j	-5.569373095e-07+0.0j	6.882643470159993e-05+0.0j	-0.32068909830765563+0.0j	0.9196987663708935+0.0j	0.16238938802586078+0.0j	0.06422073867430797+0.0j	0.07179253074254+0.0j	-0.06674035006759588+0.0j	-0.10586491834834451+0.0j	-0.0014916094647324987+0.0j	
-1.5042273999999998e-08+0.0j	1.0024387091000001e-06+0.0j	-1.3142749385e-06+0.0j	-0.0013632754788623995+0.0j	-0.5873604878374881+0.0j	-0.25661165377307366+0.0j	0.49034254704579544+0.0j	0.22385106817913636+0.0j	-0.2771338400096091+0.0j	-0.2429448896239766+0.0j	0.403280655824962+0.0j	-0.012266715230143001+0.0j	
3.982910314e-07+0.0j	1.484611089e-06+0.0j	-9.136034814000001e-07+0.0j	0.12320844024267849+0.0j	0.2413901783359959+0.0j	0.09813938795913194+0.0j	-0.23783557062496646+0.0j	0.5203640183005477+0.0j	-0.10566313587078319+0.0j	-0.30137752568591825+0.0j	0.1811218709615183+0.0j	0.6743711195316445+0.0j	
-4.580727710000001e-08+0.0j	-6.871459596000002e-07+0.0j	1.3121654466e-06+0.0j	-0.003530991532508903+0.0j	-0.3298240180580136+0.0j	-0.1275364232394735+0.0j	-0.26511659686482686+0.0j	0.1182581881773994+0.0j	0.8553483915715595+0.0j	-0.118162052850704+0.0j	0.21108220259071397+0.0j	-0.02296655620408551+0.0j	
2.9005097599999997e-07+0.0j	1.6006662524e-06+0.0j	-3.204874510000005e-08+0.0j	0.11701387944778979+0.0j	-0.2694258411570959+0.0j	-0.11109138697773421+0.0j	0.2378896904289884+0.0j	-0.29028063689006156+0.0j	0.12643665845864008+0.0j	0.4858891348918577+0.0j	-0.19031915606654717+0.0j	0.6871869873847329+0.0j	
-2.5847015000000028e-08+0.0j	1.6223933656e-06+0.0j	1.9711772720000014e-07+0.0j	0.0006460649676510977+0.0j	0.4770784523159819+0.0j	0.18154988487496654+0.0j	0.4055017834970862+0.0j	-0.1822873865547112+0.0j	0.21983614635047521+0.0j	0.18016528776636367+0.0j	0.6786936113636234+0.0j	0.01903963717190003+0.0j	
-3.680272359999999e-07+0.0j	5.181604258e-07+0.0j	-2.1230555205e-06+0.0j	0.13524943736700146+0.0j	-0.007479988952207199+0.0j	-0.001668944975609002+0.0j	0.013019381840216606+0.0j	0.673880843537673+0.0j	-0.0037349347292735145+0.0j	0.6884189799447029+0.0j	0.003738092966470351+0.0j	-0.23111761420865073+0.0j	

8.22
1.000368277649507+0.0j	-0.00034221386638283446+0.0j	0.00013706768085969268+0.0j	-7.352492138e-07+0.0j	3.1022290539999996e-07+0.0j	-2.960942757e-07+0.0j	-1.764434895e-06+0.0j	1.4571708611000001e-06+0.0j	7.712871110000001e-08+0.0j	-5.527913362000001e-07+0.0j	4.465135239999999e-07+0.0j	9.413700386e-07+0.0j	
0.0004717978230840414+0.0j	0.9996257624257965+0.0j	0.00016538355020503936+0.0j	1.7070580017e-06+0.0j	5.394928680000002e-08+0.0j	-5.708865419999997e-08+0.0j	5.925429899999972e-08+0.0j	-7.129035126000003e-07+0.0j	-1.7033082829e-06+0.0j	2.2677707055999997e-06+0.0j	-3.6227957148e-06+0.0j	4.1577748363000004e-06+0.0j	
6.12731433207725e-05+0.0j	4.981991909017158e-05+0.0j	1.0000056302187748+0.0j	4.2895060035e-06+0.0j	-5.204336892e-07+0.0j	4.87410573e-07+0.0j	3.569770093e-06+0.0j	-4.0539513814000005e-06+0.0j	1.9603550837e-06+0.0j	-1.6744480400000008e-07+0.0j	-1.9355559796000003e-06+0.0j	4.556652552999997e-07+0.0j	
-5.576808239999999e-07+0.0j	-1.1706522842e-06+0.0j	-5.5547414174999995e-06+0.0j	0.9715149363990245+0.0j	0.0013242401361218+0.0j	-4.638063396479987e-05+0.0j	-0.0132696004084557+0.0j	-0.0686460521028388+0.0j	0.1353718780601253+0.0j	-0.07648449315702918+0.0j	-0.10257147856098071+0.0j	0.12873336240271557+0.0j	
3.100305049e-07+0.0j	-7.727183694e-07+0.0j	-2.501370242e-06+0.0j	0.0011204868996568+0.0j	-0.3705507286656469+0.0j	0.6523034201088236+0.0j	0.4593949119346825+0.0j	0.07562153290935547+0.0j	-0.2617104105828401+0.0j	-0.10492630746126025+0.0j	-0.37539069699797045+0.0j	-0.0029665054581813005+0.0j	
-1.290558692e-07+0.0j	1.0852009527000002e-06+0.0j	1.5998841901999997e-06+0.0j	-0.0006141968050410999+0.0j	0.09466408190154546+0.0j	0.7346226258524572+0.0j	-0.4762798265891807+0.0j	-0.07270844820877242+0.0j	0.26168006668394794+0.0j	0.10945921227628327+0.0j	0.3725233624832585+0.0j	0.0027366729624921995+0.0j	
-2.2689405080000003e-07+0.0j	2.1525175021e-06+0.0j	-1.8563828648e-06+0.0j	-0.0150736207301807+0.0j	0.6441365371692014+0.0j	0.1365782899171729+0.0j	0.6230155134100294+0.0j	0.11511973081690804+0.0j	0.2614696463581132+0.0j	-0.17182447050521063+0.0j	0.2523638159568384+0.0j	0.05682326727444129+0.0j	
2.2474566189999994e-07+0.0j	-4.1606183237e-06+0.0j	-1.7865008905e-06+0.0j	-0.0801872992845191+0.0j	0.1396789289865262+0.0j	0.02590731035462851+0.0j	0.0889388274704095+0.0j	-0.10468174513416345+0.0j	0.2666363109515496+0.0j	0.7487116325540067+0.0j	-0.40367009219833927+0.0j	0.39988329213477963+0.0j	
-6.655814979999999e-07+0.0j	-3.0712118790999998e-06+0.0j	2.499669285000004e-07+0.0j	-0.1274466679057347+0.0j	0.35333049418650664+0.0j	0.0686233597191721+0.0j	-0.26848420476346635+0.0j	-0.2868539321748142+0.0j	-0.28397666979694053+0.0j	-0.45352093814849653+0.0j	-0.29602909794472093+0.0j	0.5708586324770094+0.0j	
-3.0727700810000006e-07+0.0j	-1.3212050082999995e-06+0.0j	3.7255975995e-06+0.0j	-0.0712163358967424+0.0j	-0.1276364349247115+0.0j	-0.02882824683894708+0.0j	-0.18207984163300603+0.0j	0.8033370544737725+0.0j	0.36187509945374763+0.0j	-0.22850215043479574+0.0j	-0.17603522581667894+0.0j	0.291800278864382+0.0j	
-6.192660856999999e-07+0.0j	1.014789494899999e-06+0.0j	-2.7048564167999998e-06+0.0j	-0.10931084083843039+0.0j	-0.5272723139705136+0.0j	-0.0997932543697593+0.0j	0.23902169807862172+0.0j	-0.34809177751712694+0.0j	0.3577935185789973+0.0j	-0.17421443269578085+0.0j	0.36458675922590256+0.0j	0.480090320446825+0.0j	
-4.369414742e-07+0.0j	-1.9351535191999995e-06+0.0j	2.6881245613999996e-06+0.0j	0.12742291801705055+0.0j	-0.012547422057932502+0.0j	-0.0024656358741026+0.0j	0.059254589979512204+0.0j	0.33356901398578775+0.0j	-0.6046749760808544+0.0j	0.30466600658612947+0.0j	0.4812536613013358+0.0j	0.4228027935612778+0.0j	

7.77
0.9999992779925918+0.0j	-0.001180816470381374+0.0j	0.00018738529126277603+0.0j	5.010567578000001e-07+0.0j	-6.161601120000002e-08+0.0j	-2.407392108e-07+0.0j	-2.757204566999997e-07+0.0j	7.152358850000025e-08+0.0j	2.1543997150000008e-07+0.0j	-1.0497795670999996e-06+0.0j	1.2033419825999998e-06+0.0j	1.1426273194999997e-06+0.0j	
0.0011807518329354227+0.0j	0.9999992600256202+0.0j	0.0002954864598656015+0.0j	1.3442020704999998e-06+0.0j	-2.124347143e-07+0.0j	-7.097459975e-07+0.0j	-2.0604366053999994e-06+0.0j	7.528981031999998e-07+0.0j	-3.0059344709000002e-06+0.0j	3.5735714309e-06+0.0j	-5.9749610829e-06+0.0j	6.912579033799999e-06+0.0j	
-0.00018774413685057612+0.0j	-0.00029526113931671594+0.0j	0.9999999365729073+0.0j	7.584363081099999e-06+0.0j	5.691879835000001e-07+0.0j	1.8903981762999999e-06+0.0j	7.0639280466e-06+0.0j	-7.8445987268e-06+0.0j	4.1359090404999996e-06+0.0j	-4.7090347009999997e-07+0.0j	-3.277729143899999e-06+0.0j	9.430555897999994e-07+0.0j	
-6.444849804000001e-07+0.0j	-2.0609010643e-06+0.0j	-8.787728496e-06+0.0j	0.9715639130874605+0.0j	-0.0002626040938870002+0.0j	-0.0010119678989967+0.0j	-0.011831581260483498+0.0j	-0.05673125907851059+0.0j	0.139622004079888+0.0j	-0.0821155358736937+0.0j	-0.0970851221743339+0.0j	0.1296019365585953+0.0j	
7.018451266e-07+0.0j	-1.5462800839000002e-06+0.0j	-4.877905496599999e-06+0.0j	-0.0005391920671843+0.0j	0.2720673286274295+0.0j	0.30839578443248433+0.0j	-0.10951659697184975+0.0j	-0.6072796292699865+0.0j	0.06196548909198797+0.0j	-0.1744279315394848+0.0j	0.21832082825242755+0.0j	-0.009787857032182405+0.0j	
-4.056383725000001e-07+0.0j	2.1610723191999997e-06+0.0j	2.5852581602999995e-06+0.0j	0.0010166943239698998+0.0j	0.7120025648613834+0.0j	0.49559834118623636+0.0j	-0.19954925187590936+0.0j	0.3023647116564021+0.0j	0.0840321780575108+0.0j	0.1068880876268806+0.0j	0.5217917595631452+0.0j	-0.002914196976348+0.0j	
-4.98105168e-07+0.0j	3.3605017814e-06+0.0j	-2.9864905608e-06+0.0j	-0.0169133291505007+0.0j	0.44940824319343087+0.0j	-0.5647970638184419+0.0j	0.4655090055866378+0.0j	-0.03963855259639987+0.0j	0.38726509880533094+0.0j	0.48871530356111453+0.0j	0.3467052010627034+0.0j	0.08494119028498559+0.0j	
7.883793072999998e-07+0.0j	-6.6374812987e-06+0.0j	-2.7581965419999996e-06+0.0j	-0.07802594809297503+0.0j	0.16120462816894096+0.0j	0.1163416367348101+0.0j	0.43140730331163146+0.0j	0.3267838187942095+0.0j	0.02700897519544415+0.0j	0.2685323379383993+0.0j	-0.3228926363642636+0.0j	0.3880313864683806+0.0j	
-7.961176618999997e-07+0.0j	-5.072766777800001e-06+0.0j	2.0167466370000032e-07+0.0j	-0.1273720930266818+0.0j	0.22170859605956694+0.0j	-0.3123363467574754+0.0j	-0.35420095702827153+0.0j	-0.4023360774129999+0.0j	-0.1894156539920528+0.0j	-0.11027605110825318+0.0j	-0.2343402336476273+0.0j	0.5878250141357692+0.0j	
-4.935543676000002e-07+0.0j	-2.3881341338e-06+0.0j	5.6852345348e-06+0.0j	-0.0730612685412292+0.0j	-0.16232654706699104+0.0j	-0.14158349948960866+0.0j	-0.5473217163394881+0.0j	0.3900927327304991+0.0j	0.5603950321149886+0.0j	0.2734265927599954+0.0j	-0.26845335670752013+0.0j	0.3174952693208747+0.0j	
-1.0342417946e-06+0.0j	1.8694217395000002e-06+0.0j	-4.749579432e-06+0.0j	-0.1092220622916836+0.0j	-0.33988794112365645+0.0j	0.4573207939040078+0.0j	0.3438880014317916+0.0j	-0.20434528032985566+0.0j	0.28843910532249456+0.0j	-0.6646233260718478+0.0j	0.3114845326102163+0.0j	0.45163892406452155+0.0j	
-6.461454601e-07+0.0j	-3.3164673562000002e-06+0.0j	4.7594709826e-06+0.0j	0.1272676874834857+0.0j	-0.0069654500699824+0.0j	-5.5110168880103186e-05+0.0j	0.0442378892388178+0.0j	0.2690837545830218+0.0j	-0.6184427571017818+0.0j	0.3340294347945172+0.0j	0.4726098874118607+0.0j	0.41803731369240027+0.0j	

7.31
1.0007936854958952+0.0j	-0.0007426515258902033+0.0j	0.00034353414874183086+0.0j	-1.5587943422e-06+0.0j	2.609623727e-07+0.0j	-2.0803185479999997e-06+0.0j	-4.3686090863000006e-06+0.0j	3.5730389404e-06+0.0j	5.120078910000003e-07+0.0j	-1.9608643367000003e-06+0.0j	3.0216705514999995e-06+0.0j	8.306455639999998e-07+0.0j	
0.0010501503286152736+0.0j	0.9991679777261426+0.0j	0.0004286316698609294+0.0j	4.1885579092e-06+0.0j	2.64947697e-08+0.0j	-2.7759834630000026e-07+0.0j	1.6135676949999861e-07+0.0j	-1.9609100221e-06+0.0j	-5.3158008518e-06+0.0j	5.3947338168e-06+0.0j	-9.6419548239e-06+0.0j	1.14300650408e-05+0.0j	
0.00013230729500640637+0.0j	9.094473132575942e-06+0.0j	1.0000366798553595+0.0j	1.02360707244e-05+0.0j	-4.692511785e-07+0.0j	3.6301672099e-06+0.0j	9.056413153699997e-06+0.0j	-1.04884663111e-05+0.0j	9.1609229558e-06+0.0j	-1.2579181460000002e-06+0.0j	-5.4973097857e-06+0.0j	2.030478040799999e-06+0.0j	
-6.496108319999998e-07+0.0j	-3.7398099226000004e-06+0.0j	-1.3303934532e-05+0.0j	0.9715564146030929+0.0j	0.0025761355791566005+0.0j	-0.0037514130716211997+0.0j	-0.013797486450103702+0.0j	-0.055329114121921395+0.0j	0.02910459259732289+0.0j	-0.0821716108163407+0.0j	-0.080423676907038+0.0j	0.12690362167097408+0.0j	
-4.4653019700000004e-08+0.0j	3.1316922419999997e-07+0.0j	6.543842152e-07+0.0j	0.0025533650693842+0.0j	0.6797038872015795+0.0j	0.11120137280194288+0.0j	0.05041125670240991+0.0j	0.5729376645518682+0.0j	-0.35575646766793834+0.0j	-0.6842337324648863+0.0j	-0.01321585401225392+0.0j	-0.027215454206818403+0.0j	
-1.3659325218e-06+0.0j	4.026899027400001e-06+0.0j	4.9145553929e-06+0.0j	-5.370400317100004e-05+0.0j	0.6521305197145886+0.0j	0.36199690485914965+0.0j	-0.5793380100823421+0.0j	0.11120381523657916+0.0j	0.25182863060018273+0.0j	0.013194399000912987+0.0j	0.44147758143468885+0.0j	-0.0198846766968661+0.0j	
-3.792546326999999e-07+0.0j	4.574036510999999e-06+0.0j	-7.6387096042e-06+0.0j	-0.0180103028874387+0.0j	0.36111681039758725+0.0j	-0.00740179533089603+0.0j	0.7891504794475453+0.0j	-0.05073130062838044+0.0j	0.32897423592677577+0.0j	0.0704457726509424+0.0j	0.1198044327610589+0.0j	0.0672336697530993+0.0j	
9.031506986e-07+0.0j	-1.03791543192e-05+0.0j	-7.106241496999993e-07+0.0j	-0.07915483497723672+0.0j	0.4215758536530248+0.0j	-0.39294524671120096+0.0j	-0.11637374893596353+0.0j	0.19200981183337518+0.0j	-0.060330189193653794+0.0j	0.44053959865918235+0.0j	-0.2418727787645759+0.0j	0.39865401886182855+0.0j	
8.356022453000001e-07+0.0j	-7.98935206e-06+0.0j	-2.2759237763999994e-06+0.0j	-0.1257445465888927+0.0j	0.18882818302894133+0.0j	-0.020503750195549092+0.0j	-0.17254128399440538+0.0j	-0.38687595638530947+0.0j	0.3470347490667708+0.0j	-0.3772755162690431+0.0j	-0.3574042478852002+0.0j	0.5998479277902815+0.0j	
-5.993677382000001e-07+0.0j	-4.829821876599999e-06+0.0j	4.9737801618e-06+0.0j	-0.0713966634890679+0.0j	-0.4366050429836572+0.0j	0.4143240781005853+0.0j	0.03405020160180153+0.0j	0.5011843661232805+0.0j	-0.0883889071492941+0.0j	0.07706875237004096+0.0j	-0.3257024878876918+0.0j	0.30520174303673386+0.0j	
-1.2858243316e-06+0.0j	4.290288901499999e-06+0.0j	-6.353650949999999e-06+0.0j	-0.110278024071878+0.0j	-0.2977615128091265+0.0j	0.042782224110783244+0.0j	0.10438719420957757+0.0j	-0.024914652906836504+0.0j	0.830511262869996+0.0j	-0.34189925216084904+0.0j	0.47744180661559127+0.0j	0.46996248522767364+0.0j	
2.2250366649999997e-07+0.0j	-5.2163657551e-06+0.0j	7.9899239401e-06+0.0j	0.1275150406695016+0.0j	-0.0246835348097191+0.0j	0.0195161771044209+0.0j	0.06974401846507619+0.0j	0.26989108481865914+0.0j	-0.12493864477915154+0.0j	0.321796251130223+0.0j	0.4304017490229229+0.0j	0.42718644224626884+0.0j	

7.1
0.9999979264804966+0.0j	-0.0020090184405315292+0.0j	0.0003149106606432084+0.0j	6.829102419999982e-08+0.0j	4.0256542699999986e-08+0.0j	-4.999520053000002e-07+0.0j	-6.831397424000001e-07+0.0j	8.384710203000004e-07+0.0j	-6.162971275699999e-06+0.0j	1.7425585494999997e-06+0.0j	-8.806008207999998e-07+0.0j	5.298744707899999e-06+0.0j	
0.0020088191511564712+0.0j	0.9999977949120669+0.0j	0.0006115207824729796+0.0j	3.4680194241000005e-06+0.0j	2.2727250480000001e-07+0.0j	-2.4571764064e-06+0.0j	-3.6092314922e-06+0.0j	3.344719694999995e-07+0.0j	-1.0597279250000006e-06+0.0j	2.7495146523000003e-06+0.0j	-7.2778469728e-06+0.0j	9.9960321386e-06+0.0j	
-0.0003161451768220469+0.0j	-0.0006108903323330528+0.0j	0.9999997673254701+0.0j	1.30235279019e-05+0.0j	-6.130469972000001e-07+0.0j	6.484861776400001e-06+0.0j	1.31931485602e-05+0.0j	-1.41144640759e-05+0.0j	9.6402936806e-06+0.0j	2.388698956999998e-07+0.0j	-9.5870374248e-06+0.0j	5.4502060409999984e-06+0.0j	
-5.0768734100000006e-08+0.0j	-4.6828265202999995e-06+0.0j	-1.59290386791e-05+0.0j	0.9716767507597284+0.0j	0.0006795981657771001+0.0j	-0.0033429662880886005+0.0j	-0.012074122529374301+0.0j	-0.025954034722035106+0.0j	0.1464107128108269+0.0j	-0.0850347473539307+0.0j	-0.08902162920476411+0.0j	0.1306591193503491+0.0j	
2.1237895058e-06+0.0j	-2.0762652401999998e-06+0.0j	-1.0187397589000001e-05+0.0j	0.0044740894132648+0.0j	0.25817796626065037+0.0j	0.4907441917481459+0.0j	0.42714368771511824+0.0j	0.01897379202013738+0.0j	-0.2639286602783281+0.0j	-0.13558844538310427+0.0j	-0.35921948012204974+0.0j	0.011326629557768902+0.0j	
-1.5568987265999997e-06+0.0j	4.9215398497e-06+0.0j	3.5696596121000015e-06+0.0j	0.0004808276121988003+0.0j	0.28467509000977487+0.0j	1.0125068788298004+0.0j	-0.5013810070889563+0.0j	-0.04509567018082833+0.0j	0.2704899113843329+0.0j	0.14447068459947487+0.0j	0.360946669705554+0.0j	-0.0190306275941694+0.0j	
-1.580067986e-06+0.0j	6.4772995947000005e-06+0.0j	-4.758728567400001e-06+0.0j	-0.019843928912634198+0.0j	0.473696888507213+0.0j	-0.04652354893442623+0.0j	0.6382812456982387+0.0j	0.1577514808956875+0.0j	0.217382218777093+0.0j	-0.1408026983978829+0.0j	0.26562776778000785+0.0j	0.0480707582338933+0.0j	
3.5224395501999998e-06+0.0j	-1.3641052012000001e-05+0.0j	-6.497403481900001e-06+0.0j	-0.07775650643212381+0.0j	-0.023627444833794087+0.0j	0.24326601374570744+0.0j	0.0822721707866221+0.0j	-0.06271274777448202+0.0j	0.26767083965674177+0.0j	0.7120177919547075+0.0j	-0.4671874411693034+0.0j	0.4342136760533672+0.0j	
-2.6674664659999996e-07+0.0j	-9.781959580400001e-06+0.0j	-1.6535908909999846e-07+0.0j	-0.1258026167738069+0.0j	0.25981800178641923+0.0j	-0.0581109442529278+0.0j	-0.2615097026883208+0.0j	-0.37281488448538885+0.0j	-0.211666950886031+0.0j	-0.4753738948852486+0.0j	-0.24412942096240772+0.0j	0.5650176674710145+0.0j	
-9.675383415e-07+0.0j	-4.295127252000001e-06+0.0j	1.12003144259e-05+0.0j	-0.071901271725749+0.0j	0.036478510629958105+0.0j	-0.2650310166739963+0.0j	-0.1787206006822794+0.0j	0.9070372133316913+0.0j	0.10027457594538522+0.0j	-0.23965895000116033+0.0j	-0.1581963099396012+0.0j	0.2963494787759113+0.0j	
-2.0574611952e-06+0.0j	4.148730005799999e-06+0.0j	-1.14498883297e-05+0.0j	-0.1106699956451534+0.0j	-0.3791497179662303+0.0j	0.0762345077919952+0.0j	0.21788143272799465+0.0j	-0.21081073784487098+0.0j	0.42887823077388276+0.0j	-0.12523526142144123+0.0j	0.3863724662286193+0.0j	0.451858541219573+0.0j	
-9.813667376e-07+0.0j	-7.2118292294000005e-06+0.0j	1.11582038636e-05+0.0j	0.12704414976143974+0.0j	-0.004071145599466801+0.0j	-0.003505380272629203+0.0j	0.058913963629351904+0.0j	0.14568697494932342+0.0j	-0.660510887051754+0.0j	0.3233272027607107+0.0j	0.49691518533112494+0.0j	0.40693444128662026+0.0j	

6.83
0.9999970769573865+0.0j	-0.0023872172221880428+0.0j	0.000372669814723281+0.0j	-6.047028601e-07+0.0j	-4.0090554299999993e-08+0.0j	-6.630170799000005e-07+0.0j	-9.800112433000006e-07+0.0j	-1.6552963122999998e-06+0.0j	8.691709157000004e-07+0.0j	-3.4141967734e-06+0.0j	7.176390733099999e-06+0.0j	-1.3593310108e-06+0.0j	
0.0023869138305658844+0.0j	0.9999968248592888+0.0j	0.0008064562294473332+0.0j	5.057148142500001e-06+0.0j	-2.43198225e-07+0.0j	-3.9048924558999995e-06+0.0j	-4.2126293627e-06+0.0j	5.665564817999995e-07+0.0j	-9.365069314499999e-06+0.0j	7.7423610357e-06+0.0j	-1.4999423496999999e-05+0.0j	1.8894730308300002e-05+0.0j	
-0.0003745975849225869+0.0j	-0.0008055565535168008+0.0j	0.999999603311368+0.0j	1.5252350283899999e-05+0.0j	6.691392773999999e-07+0.0j	1.02834441535e-05+0.0j	1.61728764619e-05+0.0j	1.6392587037e-05+0.0j	2.0348794065700003e-05+0.0j	-3.2808544417000003e-06+0.0j	-9.018492809799998e-06+0.0j	4.532492276899999e-06+0.0j	
8.419665477000001e-07+0.0j	-6.4598540318999975e-06+0.0j	-1.93841414159e-05+0.0j	0.9717547877803866+0.0j	-0.00020645054797999987+0.0j	-0.005417450618039+0.0j	-0.010125567845811902+0.0j	0.0060740777596027945+0.0j	0.14319015955148928+0.0j	-0.08624041640193991+0.0j	0.019035817837275402+0.0j	0.1300963545514974+0.0j	
3.2437268829e-06+0.0j	-2.9591272261000008e-06+0.0j	-1.4823315310699998e-05+0.0j	0.0036751744782747998+0.0j	0.20394653996976858+0.0j	0.34277407170505514+0.0j	-0.14688887212323393+0.0j	0.5305948144588932+0.0j	0.269624300686078+0.0j	0.6500529516719158+0.0j	-0.16936206938660264+0.0j	0.0424591410639192+0.0j	
-2.5847885722999994e-06+0.0j	7.054522872000002e-06+0.0j	3.839245356500001e-06+0.0j	0.002396288893454+0.0j	0.5976292737193378+0.0j	0.6157034940438898+0.0j	-0.23329336601926812+0.0j	-0.308438247249155+0.0j	0.051438779926891415+0.0j	-0.25914517099002216+0.0j	0.44545681309655755+0.0j	-0.04656179974546901+0.0j	
-2.4306171478e-06+0.0j	7.706634974e-06+0.0j	-5.974800128200001e-06+0.0j	-0.0229184277346992+0.0j	0.5540221046475297+0.0j	-0.43717429549495523+0.0j	0.4894996328465568+0.0j	-0.07868642295216939+0.0j	0.38239726222790266+0.0j	0.08926518837390102+0.0j	0.5137267784140378+0.0j	0.0464395694375789+0.0j	
5.9868638967e-06+0.0j	-1.74318479501e-05+0.0j	-8.3897540709e-06+0.0j	-0.07488344239056402+0.0j	0.13513096951790884+0.0j	0.18019020287039791+0.0j	0.4197406691913117+0.0j	-0.30400184477699194+0.0j	-0.050911475987413024+0.0j	0.21272181496474027+0.0j	-0.25852882332208094+0.0j	0.43259698902593136+0.0j	
6.383971244999998e-07+0.0j	-1.2633539750800001e-05+0.0j	-1.0822017496999998e-06+0.0j	-0.1253368270781075+0.0j	0.280110368591842+0.0j	-0.2749707571725562+0.0j	-0.3427760716138938+0.0j	0.45156194725858856+0.0j	-0.08777283572354283+0.0j	-0.3500909025243151+0.0j	0.33814510586179364+0.0j	0.557973856778435+0.0j	
-1.189063046e-06+0.0j	-5.7887138518e-06+0.0j	1.3585739025199999e-05+0.0j	-0.07388056937839399+0.0j	-0.13113969676081705+0.0j	-0.2082960605117348+0.0j	-0.5391857859618318+0.0j	-0.5568398873184175+0.0j	0.30582013143828485+0.0j	0.2893347877872967+0.0j	0.17042792761187534+0.0j	0.3124115477668725+0.0j	
-2.6325917942000002e-06+0.0j	6.0394146432e-06+0.0j	-1.57530859691e-05+0.0j	-0.1109221981371917+0.0j	-0.4246642728892262+0.0j	0.40096799325181937+0.0j	0.3130405915088825+0.0j	0.09192133796893165+0.0j	0.30250907723202547+0.0j	-0.23921834939411254+0.0j	0.6334369001194903+0.0j	0.4300503149314987+0.0j	
-1.0220054688000002e-06+0.0j	-9.8101196595e-06+0.0j	1.56720131866e-05+0.0j	0.12676437322332945+0.0j	-0.0067041968109555015+0.0j	0.004941858926188997+0.0j	0.043497776470564804+0.0j	-0.04755044370874456+0.0j	-0.6407540555640256+0.0j	0.33592777159713394+0.0j	0.05499590112298544+0.0j	0.4040648712109217+0.0j	

6.6
0.9999963014772952+0.0j	-0.002685686465507764+0.0j	0.0004177981820869814+0.0j	-1.6410748552999998e-06+0.0j	-3.983551709999998e-08+0.0j	-8.228282880000001e-07+0.0j	-1.3077673152000003e-06+0.0j	-2.7302073063999996e-06+0.0j	9.668484242999997e-07+0.0j	-4.2659203487999995e-06+0.0j	1.0439878627499998e-05+0.0j	-3.978280683500001e-06+0.0j	
0.0026852578996405807+0.0j	0.9999958834878115+0.0j	0.0010132232583542622+0.0j	6.934947581199999e-06+0.0j	-2.712667058e-07+0.0j	-5.6872937124e-06+0.0j	-4.5252807308e-06+0.0j	1.8453519452999994e-06+0.0j	-1.2072644397500001e-05+0.0j	8.9917223494e-06+0.0j	-1.79911961561e-05+0.0j	2.38372663819e-05+0.0j	
-0.0004205099110686228+0.0j	-0.001012093880896292+0.0j	0.9999993969212109+0.0j	1.6713822963999997e-05+0.0j	7.324803806e-07+0.0j	1.50388312276e-05+0.0j	1.8536396106800002e-05+0.0j	1.7734022292699997e-05+0.0j	2.8696889451100003e-05+0.0j	-5.054033299e-06+0.0j	-1.1159390566300004e-05+0.0j	6.663768866899998e-06+0.0j	
1.9917130045e-06+0.0j	-8.3504426429e-06+0.0j	-2.15468472228e-05+0.0j	0.9717683022052037+0.0j	-0.00019276487554749995+0.0j	-0.0072883042224828+0.0j	-0.008726384973737102+0.0j	-0.002649905619556997+0.0j	0.15203353615840381+0.0j	-0.09843772897655029+0.0j	-0.06437572039261269+0.0j	0.13492696828354717+0.0j	
4.6081280217e-06+0.0j	-3.177770116e-06+0.0j	-1.91710178937e-05+0.0j	0.005598819060562101+0.0j	0.199451906508278+0.0j	0.3373875033697076+0.0j	-0.16483832006535115+0.0j	0.4948331772464498+0.0j	0.15625416869779538+0.0j	0.6725793278791974+0.0j	-0.1494088828747962+0.0j	0.024257302256933205+0.0j	
-3.9011591887000005e-06+0.0j	9.3673641255e-06+0.0j	3.477688703699999e-06+0.0j	0.0030196664857841003+0.0j	0.5898249975964741+0.0j	0.6154248000848417+0.0j	-0.2510299507179421+0.0j	-0.3048542194888244+0.0j	0.0017256226329482177+0.0j	-0.24412416322238223+0.0j	0.44994280943890275+0.0j	-0.0634068186640641+0.0j	
-3.5313247195e-06+0.0j	9.064585439399998e-06+0.0j	-6.217866916600001e-06+0.0j	-0.025666472766018703+0.0j	0.5595218852395928+0.0j	-0.41593912601867816+0.0j	0.5019180290723828+0.0j	-0.108729525656054+0.0j	0.4460245490906003+0.0j	0.0893917365112799+0.0j	0.44863702605697897+0.0j	0.050827224048158204+0.0j	
8.7073684808e-06+0.0j	-2.13323865862e-05+0.0j	-8.890017198200002e-06+0.0j	-0.07354313666005452+0.0j	0.1330551159818326+0.0j	0.198861071738205+0.0j	0.4136586675950671+0.0j	-0.26840524851038067+0.0j	-0.12948071711816647+0.0j	0.1808732118498826+0.0j	-0.4920028068379436+0.0j	0.45447672029316244+0.0j	
1.2189011587e-06+0.0j	-1.48095353222e-05+0.0j	1.1280255974000008e-06+0.0j	-0.12469641348090363+0.0j	0.28353198852832745+0.0j	-0.2782762700674985+0.0j	-0.3349404513233607+0.0j	0.49050382282423854+0.0j	0.035231426937706756+0.0j	-0.4043417907768061+0.0j	-0.059631065969168284+0.0j	0.5772900051498883+0.0j	
-1.8499519379000004e-06+0.0j	-6.670481518299999e-06+0.0j	1.8072021951499997e-05+0.0j	-0.0743529133217694+0.0j	-0.1287619636603439+0.0j	-0.22867015231551205+0.0j	-0.5322531467185981+0.0j	-0.5752801469182998+0.0j	0.3441035698083833+0.0j	0.2501291717327982+0.0j	-0.08751885717175167+0.0j	0.33678292256446685+0.0j	
-3.8746017311999995e-06+0.0j	8.396321619e-06+0.0j	-1.8195207975900002e-05+0.0j	-0.1119129794406207+0.0j	-0.4295836468260559+0.0j	0.4062407948479738+0.0j	0.2984935752631274+0.0j	0.0830275529085529+0.0j	0.2909156150558153+0.0j	-0.2526658823008099+0.0j	0.31509628234839393+0.0j	0.4233034958336259+0.0j	
-9.944881170000029e-08+0.0j	-1.3151230638199997e-05+0.0j	1.76438191857e-05+0.0j	0.1267986892289954+0.0j	-0.006710638440632701+0.0j	0.007485451016051097+0.0j	0.041057397780077894+0.0j	-0.010201747697299313+0.0j	-0.6805810555073077+0.0j	0.38402395917226473+0.0j	0.4713817745005275+0.0j	0.3743294607692724+0.0j	

6.39
0.9999956970207611+0.0j	-0.0028964846805055733+0.0j	0.0004489559996830317+0.0j	-3.1337080994e-06+0.0j	-3.966952870000001e-08+0.0j	-1.0066996797999991e-06+0.0j	-1.688914022899999e-06+0.0j	-4.133452486099999e-06+0.0j	9.336463304999976e-07+0.0j	-5.068555806499999e-06+0.0j	1.43382868635e-05+0.0j	-8.0069677179e-06+0.0j	
0.0028959244182861776+0.0j	0.9999950419847818+0.0j	0.0012375873211082355+0.0j	9.2218322495e-06+0.0j	-2.87192426e-07+0.0j	-7.9065924047e-06+0.0j	-4.394445680800001e-06+0.0j	3.4671487358000003e-06+0.0j	-1.51030204386e-05+0.0j	1.02149001308e-05+0.0j	-2.07593395486e-05+0.0j	2.9264475348400002e-05+0.0j	
-0.0004525389816393277+0.0j	-0.001236274668342363+0.0j	0.9999991381957037+0.0j	1.72659140141e-05+0.0j	7.885726608000001e-07+0.0j	2.1021590186700002e-05+0.0j	2.0029416332399996e-05+0.0j	1.8357302444599998e-05+0.0j	3.82854565526e-05+0.0j	-7.3821038408e-06+0.0j	-1.3292157654199997e-05+0.0j	9.4449167968e-06+0.0j	
