100.0
0.9999999944466653+0.0j	0.0+0.0j	0.0+0.0j	0.0+0.0j	-9.616409999971945e-11+0.0j	-2.3675137000053574e-09+0.0j	1.8009385000276271e-09+0.0j	1.1859416000235476e-09+0.0j	3.864463998370232e-10+0.0j	-5.109396000908817e-10+0.0j	1.224461400003464e-09+0.0j	-2.5714015001489232e-09+0.0j	7.848156002030274e-10+0.0j	
0.0+0.0j	1.0000000108352083+0.0j	-5.947177084131283e-09+0.0j	4.929376296036736e-09+0.0j	0.0+0.0j	0.0+0.0j	0.0+0.0j	0.0+0.0j	0.0+0.0j	0.0+0.0j	0.0+0.0j	0.0+0.0j	0.0+0.0j	
0.0+0.0j	-5.947177084131283e-09+0.0j	0.9999999990844946+0.0j	-3.740667275931031e-09+0.0j	0.0+0.0j	0.0+0.0j	0.0+0.0j	0.0+0.0j	0.0+0.0j	0.0+0.0j	0.0+0.0j	0.0+0.0j	0.0+0.0j	
0.0+0.0j	4.929376296036736e-09+0.0j	-3.740667275931031e-09+0.0j	1.0000000028648035+0.0j	0.0+0.0j	0.0+0.0j	0.0+0.0j	0.0+0.0j	0.0+0.0j	0.0+0.0j	0.0+0.0j	0.0+0.0j	0.0+0.0j	
-9.616409999971945e-11+0.0j	0.0+0.0j	0.0+0.0j	0.0+0.0j	0.9999999958655965+0.0j	4.033605616182712e-09+0.0j	-3.731926878636216e-09+0.0j	7.99057417455451e-10+0.0j	-2.842396873425912e-10+0.0j	-6.527759843083514e-11+0.0j	6.845637556818218e-09+0.0j	-4.92388241291053e-10+0.0j	-2.6100810000730806e-10+0.0j	
-2.3675137000053574e-09+0.0j	0.0+0.0j	0.0+0.0j	0.0+0.0j	4.033605616182712e-09+0.0j	0.999999993818494+0.0j	-4.6787740903830866e-09+0.0j	-2.572901815212081e-09+0.0j	4.25850621432744e-09+0.0j	5.353564595106386e-09+0.0j	-3.940574616612125e-09+0.0j	-7.584565780982544e-09+0.0j	4.8926398999935006e-09+0.0j	
1.8009385000276271e-09+0.0j	0.0+0.0j	0.0+0.0j	0.0+0.0j	-3.731926878636216e-09+0.0j	-4.6787740903830866e-09+0.0j	0.9999999995422058+0.0j	2.7412484504552026e-09+0.0j	9.485310037415928e-10+0.0j	3.6556059013204134e-09+0.0j	-3.4562710471419678e-09+0.0j	9.959372215817552e-10+0.0j	2.654135299560989e-09+0.0j	
1.1859416000235476e-09+0.0j	0.0+0.0j	0.0+0.0j	0.0+0.0j	7.99057417455451e-10+0.0j	-2.572901815212081e-09+0.0j	2.7412484504552026e-09+0.0j	1.0000000015757782+0.0j	-7.377497224236862e-10+0.0j	2.531875209488277e-09+0.0j	2.917926317236308e-09+0.0j	3.705156695343881e-09+0.0j	-4.371058404117889e-09+0.0j	
3.864463998370232e-10+0.0j	0.0+0.0j	0.0+0.0j	0.0+0.0j	-2.842396873425912e-10+0.0j	4.25850621432744e-09+0.0j	9.485310037415928e-10+0.0j	-7.377497224236862e-10+0.0j	0.9999999979731529+0.0j	-3.890184785415585e-09+0.0j	-9.26843546356082e-10+0.0j	5.048292783804698e-09+0.0j	2.3787014025167252e-11+0.0j	
-5.109396000908817e-10+0.0j	0.0+0.0j	0.0+0.0j	0.0+0.0j	-6.527759843083514e-11+0.0j	5.353564595106386e-09+0.0j	3.6556059013204134e-09+0.0j	2.531875209488277e-09+0.0j	-3.890184785415585e-09+0.0j	1.0000000065408299+0.0j	-6.762230581047746e-09+0.0j	3.7519017337395155e-09+0.0j	4.218305982295334e-09+0.0j	
1.224461400003464e-09+0.0j	0.0+0.0j	0.0+0.0j	0.0+0.0j	6.845637556818218e-09+0.0j	-3.940574616612125e-09+0.0j	-3.4562710471419678e-09+0.0j	2.917926317236308e-09+0.0j	-9.26843546356082e-10+0.0j	-6.762230581047746e-09+0.0j	1.0000000032724603+0.0j	9.920185194134401e-09+0.0j	2.736531508340523e-09+0.0j	
-2.5714015001489232e-09+0.0j	0.0+0.0j	0.0+0.0j	0.0+0.0j	-4.92388241291053e-10+0.0j	-7.584565780982544e-09+0.0j	9.959372215817552e-10+0.0j	3.705156695343881e-09+0.0j	5.048292783804698e-09+0.0j	3.7519017337395155e-09+0.0j	9.920185194134401e-09+0.0j	1.0000000036625947+0.0j	-5.291993926404004e-10+0.0j	
7.848156000946072e-10+0.0j	0.0+0.0j	0.0+0.0j	0.0+0.0j	-2.6100810000730806e-10+0.0j	4.892639899126139e-09+0.0j	2.654135299560989e-09+0.0j	-4.371058404117889e-09+0.0j	2.3787014025167252e-11+0.0j	4.218305954539758e-09+0.0j	2.736531508340523e-09+0.0j	-5.291993995792943e-10+0.0j	0.9999999905611223+0.0j	

28.0
0.9999999944466653+0.0j	0.0+0.0j	0.0+0.0j	0.0+0.0j	-4.926389999969466e-11+0.0j	-2.382840100005558e-09+0.0j	1.92642919999886e-09+0.0j	6.8414979985474e-10+0.0j	5.115833999914249e-10+0.0j	-3.425017003951675e-10+0.0j	-1.1899662999219872e-09+0.0j	-2.588230800038352e-09+0.0j	1.8194136001395064e-09+0.0j	
0.0+0.0j	1.0000000037641688+0.0j	8.195247480635715e-09+0.0j	4.930004737779825e-09+0.0j	0.0+0.0j	0.0+0.0j	0.0+0.0j	0.0+0.0j	0.0+0.0j	0.0+0.0j	0.0+0.0j	0.0+0.0j	0.0+0.0j	
0.0+0.0j	-1.2008072647340384e-08+0.0j	1.000000001212925+0.0j	-1.0222557300654245e-07+0.0j	0.0+0.0j	0.0+0.0j	0.0+0.0j	0.0+0.0j	0.0+0.0j	0.0+0.0j	0.0+0.0j	0.0+0.0j	0.0+0.0j	
0.0+0.0j	1.2871316235063546e-09+0.0j	1.025394421316772e-07+0.0j	1.0000000020143098+0.0j	0.0+0.0j	0.0+0.0j	0.0+0.0j	0.0+0.0j	0.0+0.0j	0.0+0.0j	0.0+0.0j	0.0+0.0j	0.0+0.0j	
-9.616409999971945e-11+0.0j	0.0+0.0j	0.0+0.0j	0.0+0.0j	0.3543525841336037+0.0j	0.002291400525209042+0.0j	0.684572888526637+0.0j	0.35949242316079166+0.0j	7.13355604207433e-05+0.0j	-1.3704449726198789e-05+0.0j	0.0012002019709207168+0.0j	-0.5258827813843251+0.0j	3.3829401699993775e-08+0.0j	
-2.3675137000053574e-09+0.0j	0.0+0.0j	0.0+0.0j	0.0+0.0j	0.0022914454198182943+0.0j	0.9999918612880463+0.0j	-0.0024291340760236313+0.0j	-0.0012761429002872207+0.0j	-1.1889375298168581e-07+0.0j	7.09146849992015e-08+0.0j	-4.3419746873774034e-06+0.0j	0.0018667035323434167+0.0j	-5.707823299942738e-09+0.0j	
1.8009385000276271e-09+0.0j	0.0+0.0j	0.0+0.0j	0.0+0.0j	0.6845729260506189+0.0j	-0.002430019034792008+0.0j	0.2741548024521008+0.0j	-0.3811659775030894+0.0j	-7.593044750571487e-05+0.0j	1.4538188638307803e-05+0.0j	-0.001272247771075763+0.0j	0.5575876652621035+0.0j	-3.345770020063421e-08+0.0j	
1.1859416000235476e-09+0.0j	0.0+0.0j	0.0+0.0j	0.0+0.0j	0.3594923387763107+0.0j	-0.0012755608564438067+0.0j	-0.38116577167022014+0.0j	0.7998370940098398+0.0j	-4.0110791563768844e-05+0.0j	7.618698105227306e-06+0.0j	-0.0006684854396045159+0.0j	0.29280842699504744+0.0j	-2.3352682107513623e-08+0.0j	
3.864463998370232e-10+0.0j	0.0+0.0j	0.0+0.0j	0.0+0.0j	7.156812545999758e-05+0.0j	-3.7464013191712553e-07+0.0j	-7.555540448619946e-05+0.0j	-3.9553320049845464e-05+0.0j	0.9999999850315462+0.0j	-4.178280327282735e-08+0.0j	1.0548957768419243e-07+0.0j	5.851007727097901e-05+0.0j	6.164062218982913e-09+0.0j	
-5.109396000908817e-10+0.0j	0.0+0.0j	0.0+0.0j	0.0+0.0j	-1.3676208247200526e-05+0.0j	5.0350436091306516e-08+0.0j	1.4561032505001903e-05+0.0j	7.448847007929249e-06+0.0j	3.783622820607846e-08+0.0j	1.0000000020257178+0.0j	-8.910788141802684e-07+0.0j	-1.117345945017556e-05+0.0j	3.9546022959080496e-07+0.0j	
1.224461400003464e-09+0.0j	0.0+0.0j	0.0+0.0j	0.0+0.0j	0.0012005289206818148+0.0j	-4.176321853122111e-06+0.0j	-0.001273188724832286+0.0j	-0.0006682939588122383+0.0j	-3.683270686782869e-07+0.0j	9.322196845573671e-07+0.0j	0.9999977692242086+0.0j	0.0009769660456467877+0.0j	-1.353006338217222e-08+0.0j	
-2.5714015001489232e-09+0.0j	0.0+0.0j	0.0+0.0j	0.0+0.0j	-0.525882790405723+0.0j	0.0018660272111206133+0.0j	0.5575878612013156+0.0j	0.29280812922951965+0.0j	5.788456709970857e-05+0.0j	-1.1139528137638077e-05+0.0j	0.0009784354425291832+0.0j	0.5716660593338765+0.0j	2.718997500761322e-08+0.0j	
7.848156000946072e-10+0.0j	0.0+0.0j	0.0+0.0j	0.0+0.0j	3.00424713999708e-08+0.0j	6.015302899883834e-09+0.0j	-4.3630905700864364e-08+0.0j	1.7200892599156248e-08+0.0j	-1.011953679880273e-08+0.0j	-3.902139656120074e-07+0.0j	1.2040208198504931e-08+0.0j	2.8477245499203274e-08+0.0j	0.9999999949357654+0.0j	

11.0
0.9999999946965388+0.0j	0.0+0.0j	1.0186747000000001e-08+0.0j	9.5915583e-09+0.0j	-1.1229639999980458e-10+0.0j	1.427628257999903e-07+0.0j	1.4594185000169633e-09+0.0j	1.1545174998309204e-09+0.0j	-1.223740939999959e-07+0.0j	-8.496518260009758e-08+0.0j	6.982284020011281e-08+0.0j	-1.0794773999374743e-09+0.0j	1.8824347800048928e-08+0.0j	
5.690000000076729e-14+0.0j	1.0000000037641117+0.0j	-5.984785111934343e-09+0.0j	-2.226329454124709e-09+0.0j	0.0+0.0j	1.1979999998194052e-13+0.0j	-7.0710394e-09+0.0j	0.0+0.0j	-2.2710000000456415e-13+0.0j	7.476999999984629e-13+0.0j	1.030200000007452e-12+0.0j	-1.41421357e-08+0.0j	-5.131000000030885e-13+0.0j	
-1.21217007e-08+0.0j	1.136279959013109e-10+0.0j	0.9999999994108775+0.0j	1.3207471042081531e-05+0.0j	0.0+0.0j	5.9405723400000004e-08+0.0j	-6.0608956e-09+0.0j	0.0+0.0j	5.54575632e-08+0.0j	-4.60499427e-08+0.0j	-1.345414878e-07+0.0j	-9.050000000072466e-14+0.0j	9.51537855e-08+0.0j	
-7.284529600000001e-09+0.0j	8.57166121415176e-09+0.0j	-1.3210352662496039e-05+0.0j	0.9999999970504075+0.0j	0.0+0.0j	1.7570133759999997e-07+0.0j	-3.6422447000000003e-09+0.0j	0.0+0.0j	4.49939848e-08+0.0j	1.5899497760000002e-07+0.0j	5.914886399999999e-08+0.0j	4.0199999999993306e-14+0.0j	3.3849033600000005e-08+0.0j	
-5.915978799999707e-09+0.0j	1.64512e-10+0.0j	-4.046299999997788e-12+0.0j	-5.169000000009911e-12+0.0j	0.9999999759219282+0.0j	-2.338761911357956e-07+0.0j	0.00020577308591146481+0.0j	3.920545879770865e-05+0.0j	-7.09264521420172e-07+0.0j	1.639861330147291e-08+0.0j	8.533417719114311e-07+0.0j	-4.294990339540061e-05+0.0j	-2.1069479998582843e-10+0.0j	
-1.4674720630000228e-07+0.0j	1.59312e-11+0.0j	-5.829645790000001e-08+0.0j	-1.7298093310000002e-07+0.0j	2.4844741253193803e-07+0.0j	0.9999999853271768+0.0j	-2.856047477459156e-05+0.0j	-5.92342398102047e-05+0.0j	7.1934696165038e-05+0.0j	-2.3846580855996224e-05+0.0j	-3.710166053511044e-05+0.0j	6.15568404222222e-05+0.0j	7.060838937701132e-06+0.0j	
-6.102459999861786e-10+0.0j	1.3605558600000001e-08+0.0j	-1.1700699999999262e-11+0.0j	4.1527329999999687e-10+0.0j	-0.00020578281249980512+0.0j	2.8568628615222025e-05+0.0j	0.9999999708477981+0.0j	5.983565117961831e-05+0.0j	-5.965942018669457e-05+0.0j	1.3855004430060602e-06+0.0j	6.180926991430913e-05+0.0j	-2.6730525101104075e-05+0.0j	-1.8821840299006187e-08+0.0j	
-4.0642550002550903e-10+0.0j	-1.0166717599999999e-08+0.0j	1.636012000000059e-10+0.0j	1.2866379999998286e-10+0.0j	-3.919719453909787e-05+0.0j	5.922273475020279e-05+0.0j	-5.983280547766645e-05+0.0j	0.999999989719172+0.0j	6.752731316378435e-05+0.0j	-9.87838705945876e-07+0.0j	-4.603233504607562e-05+0.0j	-1.2546445912357818e-05+0.0j	2.071730398345295e-09+0.0j	
1.248198877997972e-07+0.0j	-2.38052e-11+0.0j	-5.5296739600000005e-08+0.0j	-4.526106100000001e-08+0.0j	6.961901743429699e-07+0.0j	-7.19303003056948e-05+0.0j	5.966683121728933e-05+0.0j	-6.751740807811601e-05+0.0j	0.9999999908393042+0.0j	7.124627573995568e-05+0.0j	4.6994464260152746e-05+0.0j	4.61802546138923e-05+0.0j	-1.1368415603993376e-05+0.0j	
8.792658029964373e-08+0.0j	8.466e-13+0.0j	5.078718809999999e-08+0.0j	-1.6082644490000002e-07+0.0j	-2.1127712399905685e-08+0.0j	2.388493924049967e-05+0.0j	-1.4322462886032228e-06+0.0j	1.0304615178369225e-06+0.0j	-7.12748179479139e-05+0.0j	0.9999997798180971+0.0j	0.0006610279678252451+0.0j	6.045015482070148e-07+0.0j	1.8070392216518183e-05+0.0j	
-6.729768339998202e-08+0.0j	-1.3212e-12+0.0j	1.3585236510000001e-07+0.0j	-5.489795089999998e-08+0.0j	-8.295353374765391e-07+0.0j	3.707998977853233e-05+0.0j	-6.182144807617695e-05+0.0j	4.6037144990573875e-05+0.0j	-4.6953926208903596e-05+0.0j	-0.0006610415210204779+0.0j	0.9999997608854501+0.0j	0.00019214072257861883+0.0j	-4.151245565402195e-06+0.0j	
-4.2441709998883304e-10+0.0j	1.05592964e-08+0.0j	1.488367999999945e-10+0.0j	-2.461542999999956e-10+0.0j	4.294169559049266e-05+0.0j	-6.157165082978922e-05+0.0j	2.6745330818811475e-05+0.0j	1.2539198657984807e-05+0.0j	-4.617036404469532e-05+0.0j	-4.763402388641147e-07+0.0j	-0.000192125371171796+0.0j	0.9999999791232446+0.0j	-4.898330394076389e-09+0.0j	
-1.9400616899816533e-08+0.0j	-3.9999999999999995e-15+0.0j	-1.029794689e-07+0.0j	-2.5648690399999994e-08+0.0j	1.0097577999440555e-09+0.0j	-7.050594765699129e-06+0.0j	2.2878092799556715e-08+0.0j	-1.2923033892997537e-09+0.0j	1.1369320505105751e-05+0.0j	-1.8072962691823014e-05+0.0j	4.138367925003716e-06+0.0j	1.163825279898445e-08+0.0j	0.9999999982061006+0.0j	

9.6
0.9999999956776746+0.0j	3.0000000000192733e-16+0.0j	7.112072900000001e-08+0.0j	4.75329269e-08+0.0j	-8.626449999968056e-11+0.0j	1.3533423684999974e-06+0.0j	-3.0790534000089314e-09+0.0j	5.402425000411437e-10+0.0j	-9.587711129998558e-07+0.0j	-4.358343810002916e-07+0.0j	-8.161847411000765e-07+0.0j	2.9480424000409566e-09+0.0j	9.560687479995712e-08+0.0j	
3.414000000062581e-13+0.0j	1.0000000108352083+0.0j	9.260592293003356e-10+0.0j	-2.58670357355939e-09+0.0j	2.82842714e-08+0.0j	-7.070090500000034e-09+0.0j	-4.24264071e-08+0.0j	4.24264071e-08+0.0j	-1.4759000000122165e-12+0.0j	4.7726999999911155e-12+0.0j	-6.6972999999528044e-12+0.0j	-7.778166049999999e-08+0.0j	-3.3646000000501426e-12+0.0j	
-7.27302042e-08+0.0j	-5.947177084131283e-09+0.0j	0.999999998970405+0.0j	6.946989541847803e-05+0.0j	1.8100000000144932e-13+0.0j	3.3674044399999995e-07+0.0j	-2.71500000002174e-13+0.0j	2.71500000002174e-13+0.0j	3.63959541e-07+0.0j	-3.090251181e-07+0.0j	8.605781498999999e-07+0.0j	-1.1212288400000004e-08+0.0j	6.106189353e-07+0.0j	
-4.37071776e-08+0.0j	4.929376296036736e-09+0.0j	-6.947955348415857e-05+0.0j	0.9999999975622972+0.0j	-8.039999999998661e-14+0.0j	1.1007069945e-06+0.0j	1.2059999999873915e-13+0.0j	-1.2059999999873915e-13+0.0j	3.0038883440000004e-07+0.0j	9.809706832e-07+0.0j	-4.1617934879999994e-07+0.0j	4.9292931e-09+0.0j	1.9194925040000003e-07+0.0j	
-1.096671000005265e-10+0.0j	-2.2511343500000004e-08+0.0j	5.6973599999990043e-11+0.0j	-3.224960000011585e-11+0.0j	0.9991046327505076+0.0j	0.0005628044116497422+0.0j	0.001552585848195176+0.0j	0.000384157368682303+0.0j	0.00023397815951492484+0.0j	-1.3575417837800863e-05+0.0j	-0.0058902619403624346+0.0j	-0.5261748251105277+0.0j	3.475454989998548e-08+0.0j	
-1.3473650158000013e-06+0.0j	3.74905000000031e-11+0.0j	-3.4614513420000003e-07+0.0j	-1.0907144352e-06+0.0j	1.4161674453339046e-05+0.0j	0.9999957220328335+0.0j	7.59679155985793e-05+0.0j	-0.0013923460455023962+0.0j	0.0005650967408756813+0.0j	-0.00021071680468559562+0.0j	0.0003102331635778388+0.0j	0.0033111801136559427+0.0j	6.679276350909924e-05+0.0j	
6.282673900006794e-09+0.0j	5.0840239800000004e-08+0.0j	6.661677900000025e-09+0.0j	2.653103399999974e-09+0.0j	-0.0014455052808909075+0.0j	-0.0006781940258292762+0.0j	1.0008842968942253+0.0j	0.00048555395324534345+0.0j	-0.0016632703348392272+0.0j	3.8321027985198375e-05+0.0j	0.004772604820220905+0.0j	0.5572902297424975+0.0j	-2.095844144015674e-07+0.0j	
1.013352000076885e-09+0.0j	-4.1147199999999995e-08+0.0j	-4.051196900000072e-09+0.0j	7.880508999999982e-10+0.0j	0.00013056823601050038+0.0j	0.0010723116465120933+0.0j	-3.326684833471205e-05+0.0j	0.9999877904051027+0.0j	0.0014033841088144094+0.0j	-9.547342218807486e-06+0.0j	0.004347359797228695+0.0j	0.2926416546181162+0.0j	-4.2068956998542184e-08+0.0j	
9.606544056998132e-07+0.0j	-1.0610910000000112e-10+0.0j	-3.6856819080000004e-07+0.0j	-2.9947471469999996e-07+0.0j	1.4335038753504614e-05+0.0j	-0.0005696631318759249+0.0j	0.0013982412426264135+0.0j	-0.0015409849891356575+0.0j	0.9999968811782161+0.0j	0.0005286514679911369+0.0j	-0.0002751533416434082+0.0j	0.001142248057813905+0.0j	-8.770323229558008e-05+0.0j	
4.273238160999119e-07+0.0j	4.273299999999839e-12+0.0j	3.07895022e-07+0.0j	-9.808955774e-07+0.0j	-3.3398536540118345e-07+0.0j	0.00021274554256159664+0.0j	-3.285962760220251e-05+0.0j	2.4065908601211827e-05+0.0j	-0.0005300768074582018+0.0j	0.9999827959236653+0.0j	-0.005837003807963398+0.0j	2.9093109192801503e-05+0.0j	9.595381982666074e-05+0.0j	
-8.202028717999889e-07+0.0j	-4.74393999999998e-11+0.0j	8.601593015000001e-07+0.0j	-4.052123012e-07+0.0j	-1.4026964790914143e-05+0.0j	0.000277642548140139+0.0j	-0.0014473640144164746+0.0j	0.0010798239838612778+0.0j	-0.00027773682725101834+0.0j	-0.005837265631811445+0.0j	-0.999940262808612+0.0j	0.008733405539660503+0.0j	-1.67020551512867e-05+0.0j	
-4.455028499968441e-09+0.0j	6.569172269999999e-08+0.0j	6.229716999999989e-09+0.0j	-1.6609168999999462e-09+0.0j	-0.00035554560143796765+0.0j	-0.000979867681817903+0.0j	-0.00045997577264339506+0.0j	0.00013122108824242806+0.0j	-0.0008786457834475403+0.0j	-6.506448134935283e-06+0.0j	0.0029754958472022162+0.0j	0.5716992143514844+0.0j	2.2529645204993898e-08+0.0j	
-8.897326579985175e-08+0.0j	-3.8799999999960616e-14+0.0j	-6.081199733e-07+0.0j	-1.916611087e-07+0.0j	-1.6426363000387502e-09+0.0j	-6.685068370940184e-05+0.0j	2.742249393004534e-07+0.0j	-1.4642005705112204e-08+0.0j	8.771002478530354e-05+0.0j	-9.598212432682107e-05+0.0j	-1.6185812594708693e-05+0.0j	1.537487712907626e-07+0.0j	0.9999999808355119+0.0j	

8.79
0.9999999975124736+0.0j	9.000000000025508e-16+0.0j	-2.031370331e-07+0.0j	1.2315042950000004e-07+0.0j	7.667969999989422e-11+0.0j	-5.919767020000135e-07+0.0j	-4.709480400002641e-09+0.0j	-2.855626317999158e-07+0.0j	1.7729653299853633e-08+0.0j	-1.115823141800698e-06+0.0j	-1.185542969990485e-08+0.0j	1.050950208799934e-06+0.0j	2.357788073000227e-07+0.0j	
9.104000000122767e-13+0.0j	1.0000000037145473+0.0j	6.469381350793224e-06+0.0j	2.8464227846969337e-06+0.0j	-5.65685428e-08+0.0j	2.7842999999462233e-12+0.0j	1.2020812500000002e-07+0.0j	-4.428200000011993e-12+0.0j	9.89949499e-08+0.0j	1.2939499999980566e-11+0.0j	1.838477641e-07+0.0j	-1.9463000000192297e-11+0.0j	-9.409500000092766e-12+0.0j	
-1.939472112e-07+0.0j	6.468406923032521e-06+0.0j	-0.999999986263872+0.0j	0.00016795415536441372+0.0j	-3.6200000000289864e-13+0.0j	9.638473551e-07+0.0j	6.061619600000003e-09+0.0j	1.0849078626e-06+0.0j	6.335000000083813e-13+0.0j	-8.173943079e-07+0.0j	1.1765000000061119e-12+0.0j	2.4902203043999997e-06+0.0j	1.7073086787e-06+0.0j	
-1.1655247360000002e-07+0.0j	-2.8477164843443425e-06+0.0j	0.0001679548676246645+0.0j	0.9999999843061912+0.0j	1.6079999999997322e-13+0.0j	3.1459177168000003e-06+0.0j	3.6419231000000008e-09+0.0j	8.853106368e-07+0.0j	-2.81399999997058e-13+0.0j	2.7054882335999998e-06+0.0j	-5.22599999997845e-13+0.0j	-1.2335326736e-06+0.0j	5.360009952000001e-07+0.0j	
-2.158748999998229e-10+0.0j	6.42002278e-08+0.0j	2.0733666600000035e-08+0.0j	-1.5941190399999925e-08+0.0j	0.9999320076249419+0.0j	0.005581916215360361+0.0j	0.002099706929964862+0.0j	0.004201511059344548+0.0j	-0.002852615604313616+0.0j	-1.4572810626400053e-05+0.0j	-0.007471823129265892+0.0j	0.004336332584192942+0.0j	-7.702127980000405e-08+0.0j	
-7.412287027999895e-07+0.0j	-1.564902326e-07+0.0j	8.874428695e-07+0.0j	2.0240473715e-06+0.0j	0.0026827974803061427+0.0j	-0.5241123477699186+0.0j	0.46506649079083207+0.0j	0.21718720357585738+0.0j	0.34494654968905786+0.0j	-0.0018266844903752008+0.0j	0.35766719718777457+0.0j	0.4635996335580782+0.0j	0.00011172559809170205+0.0j	
-4.318094999988353e-09+0.0j	4.446480359999999e-08+0.0j	1.7113374086e-06+0.0j	-1.3264834642999999e-06+0.0j	-0.010785796199627107+0.0j	0.4635569258050958+0.0j	0.5235832831743958+0.0j	0.34618302472567464+0.0j	-0.21675519957991962+0.0j	-0.0011920623710489076+0.0j	-0.465372635134641+0.0j	0.3570162118780921+0.0j	8.755638701996721e-07+0.0j	
-1.0235135000169829e-08+0.0j	5.4926818899999996e-08+0.0j	-1.2807998038e-06+0.0j	9.865201713e-07+0.0j	-0.0002902198206647111+0.0j	-0.34589547647673935+0.0j	0.2151728094560193+0.0j	-0.25961918183441546+0.0j	0.4414221985775676+0.0j	0.0008975748430750108+0.0j	-0.7069874344582618+0.0j	-0.2682707423492787+0.0j	8.158470408969887e-08+0.0j	
1.0024334309998058e-06+0.0j	-1.168506209e-07+0.0j	-1.0827385109999999e-06+0.0j	-1.9571327414e-06+0.0j	0.0020326763071892573+0.0j	0.21619578413904905+0.0j	0.34647660176244893+0.0j	0.4393100890482676+0.0j	0.25827999240762417+0.0j	0.003704456340374085+0.0j	0.26833516874593477+0.0j	-0.7081594239609578+0.0j	-0.00020932399243698413+0.0j	
1.1037373043999536e-06+0.0j	2.660928500000002e-09+0.0j	-8.082020418000002e-07+0.0j	-2.6850802878e-06+0.0j	-4.642700272820214e-05+0.0j	-0.010162164553955601+0.0j	-0.007907721273462502+0.0j	0.014345584930565675+0.0j	-0.005834456595894599+0.0j	0.9997747942936153+0.0j	-0.006106896230927306+0.0j	0.0027157278631922965+0.0j	0.00023771595162574988+0.0j	
-1.1692576200067906e-08+0.0j	1.2126225839999998e-07+0.0j	1.3966943389999997e-07+0.0j	7.87354955e-07+0.0j	-0.002112803264257279+0.0j	-0.4641244737491193+0.0j	-0.35869698583967924+0.0j	0.7067826629669025+0.0j	-0.26820750754591105+0.0j	-0.02073682415621278+0.0j	-0.27800622525015595+0.0j	-0.0820121657676923+0.0j	-0.00011022863351078938+0.0j	
-2.1338758499989466e-08+0.0j	-5.420375100000001e-09+0.0j	1.3308008164999998e-06+0.0j	-1.0223864540999996e-06+0.0j	-0.0019431771918986818+0.0j	0.3584563760656925+0.0j	-0.46313914096233544+0.0j	0.26986360029408907+0.0j	0.7074528266179729+0.0j	-0.0010035134227747156+0.0j	-0.07929005761472564+0.0j	0.27821505151973647+0.0j	1.6189295733021192e-06+0.0j	
-2.369659281998681e-07+0.0j	5.722899999999536e-12+0.0j	1.6990218001999998e-06+0.0j	-5.311356264e-07+0.0j	-8.055284800013698e-09+0.0j	5.410753653750048e-05+0.0j	-1.681279800499775e-05+0.0j	0.00014147370710311524+0.0j	-1.3645338725429279e-05+0.0j	-0.00023895678410498777+0.0j	-1.2383179375401177e-05+0.0j	-0.00021045046072500767+0.0j	0.9999999339641612+0.0j	

8.22
0.9999901830060498+0.0j	-1.8000000000051016e-15+0.0j	-3.6355211370000003e-07+0.0j	2.512444317e-07+0.0j	-2.579938229999992e-08+0.0j	1.3021980844000065e-06+0.0j	-0.0002170763700906+0.0j	-0.0019606257910795+0.0j	-0.0009811863672325+0.0j	0.0052766808398950005+0.0j	0.0008246219380438998+0.0j	-0.0008930158988523+0.0j	-0.0011587383460194+0.0j	
1.7639000000246133e-12+0.0j	1.0000000036153618+0.0j	1.942397441523358e-05+0.0j	8.544810476351916e-06+0.0j	-1.131370856e-07+0.0j	2.33345269e-07+0.0j	-5.920499999612539e-12+0.0j	-9.366000000305547e-12+0.0j	-1.979898998e-07+0.0j	-2.5193200000056847e-11+0.0j	3.394112568e-07+0.0j	4.127590000015264e-11+0.0j	1.904660000029117e-11+0.0j	
-3.757727217e-07+0.0j	1.9417115213749003e-05+0.0j	-0.9999999513761224+0.0j	0.0003073575235243986+0.0j	-7.240000000057973e-13+0.0j	1.4852924100000018e-08+0.0j	-2.0013504744000004e-06+0.0j	2.3137648334999997e-06+0.0j	-1.2670000000167627e-12+0.0j	1.5311527697999997e-06+0.0j	2.172000000017392e-12+0.0j	-5.2404244839e-06+0.0j	-3.4631041602000003e-06+0.0j	
-2.258204176e-07+0.0j	-8.553008245981708e-06+0.0j	0.0003073705732559717+0.0j	0.999999956083817+0.0j	3.2159999999994645e-13+0.0j	4.3924671100000004e-08+0.0j	-6.5811014504e-06+0.0j	1.9154613719999998e-06+0.0j	5.62799999994116e-13+0.0j	-5.403255624e-06+0.0j	-9.647999999899132e-13+0.0j	2.7074990912000003e-06+0.0j	-1.1011401088000003e-06+0.0j	
-1.7603930899999308e-08+0.0j	1.1649437670000002e-07+0.0j	-4.348584479999984e-08+0.0j	3.35425463999996e-08+0.0j	0.9998442505022798+0.0j	0.012333842025634423+0.0j	0.005691878444632259+0.0j	-0.004212014831895039+0.0j	0.25332010540621164+0.0j	-0.009707413997262099+0.0j	-0.3695999998218972+0.0j	-0.6253323581753982+0.0j	0.0002147527567105+0.0j	
0.00021849079814990002+0.0j	-2.9942639490000006e-07+0.0j	1.586665513e-06+0.0j	3.6973418418999994e-06+0.0j	-0.0010822428585066657+0.0j	0.4634526078189528+0.0j	0.5320642944622571+0.0j	0.2591499382323495+0.0j	-0.44567054431818626+0.0j	-3.7241665778973976e-06+0.0j	0.4803615039694824+0.0j	-0.06704713947539565+0.0j	0.0002120770730192987+0.0j	
-7.032147688999942e-07+0.0j	6.89249015e-08+0.0j	-3.6039791057000004e-06+0.0j	2.7564043463000003e-06+0.0j	-0.016994774773441523+0.0j	0.5320385222031649+0.0j	0.4629257841287598+0.0j	-0.3482815536369163+0.0j	0.1908917195275109+0.0j	0.0014002210470386994+0.0j	-0.1278931916922393+0.0j	0.4555149579467513+0.0j	0.00012789775034690015+0.0j	
3.5917804450005635e-07+0.0j	-2.3907710099999987e-08+0.0j	2.6890323708e-06+0.0j	-2.0690836088999997e-06+0.0j	-0.003195094136005716+0.0j	0.34549943425023744+0.0j	-0.3428574342516939+0.0j	0.2605599981692647+0.0j	0.6608766699784681+0.0j	-0.007330614696721083+0.0j	0.38866420997127016+0.0j	-0.22054200232622861+0.0j	4.4710870660574775e-05+0.0j	
-0.0019756856613853003+0.0j	-2.23563569e-07+0.0j	3.504177214999998e-07+0.0j	8.845943722000001e-07+0.0j	-0.0007446400316503954+0.0j	0.3483341766065815+0.0j	-0.2593392542443484+0.0j	0.04705026272216942+0.0j	0.16805288150841707+0.0j	0.0032438375011413223+0.0j	-0.10751554343383901+0.0j	-0.1201547633435387+0.0j	-0.0001311482038899789+0.0j	
-0.0035659951162512+0.0j	5.0878700000000005e-09+0.0j	1.7192383126e-06+0.0j	4.6416020738000006e-06+0.0j	7.64738296360045e-06+0.0j	-0.0075034614270385915+0.0j	-0.0677495493905461+0.0j	-0.6975511282470546+0.0j	-0.3419068855884556+0.0j	0.9912220780022356+0.0j	0.2867398513839434+0.0j	-0.31115144496485436+0.0j	0.00015417226942260331+0.0j	
-0.001543668903918+0.0j	2.3221549300000006e-07+0.0j	2.3496295421e-06+0.0j	5.5272897518e-06+0.0j	0.0007588968980897781+0.0j	-0.3614718980702344+0.0j	0.4305264685490007+0.0j	0.3969342131704656+0.0j	0.5516120754159696+0.0j	-0.018567552611115534+0.0j	-0.4908152337922182+0.0j	-0.19678495852855749+0.0j	9.523374359131365e-05+0.0j	
-3.4020118193999567e-06+0.0j	-1.1366654039999999e-07+0.0j	-2.7876256275000003e-06+0.0j	2.1612998229e-06+0.0j	0.003184819578822773+0.0j	-0.3613444008484144+0.0j	0.35711213821682747+0.0j	-0.2687190798692481+0.0j	0.38908320183678924+0.0j	0.008635646940538144+0.0j	0.5427676939288418+0.0j	0.2093566467272293+0.0j	-6.53563484439984e-05+0.0j	
0.0007639555048881002+0.0j	1.1168400000001634e-11+0.0j	-3.4802273058999996e-06+0.0j	1.3107694601999997e-06+0.0j	2.0809249182000063e-06+0.0j	-0.00011833893957349882+0.0j	0.0171656169773737+0.0j	0.1583355877635641+0.0j	0.0793107133948473+0.0j	0.001454108137877247+0.0j	-0.0666374021424157+0.0j	0.0650565381674776+0.0j	1.0000653547784637+0.0j	

7.77
0.9999901699395105+0.0j	-2.7000000000076524e-15+0.0j	-5.887547193e-07+0.0j	4.100027545000001e-07+0.0j	2.654569319999986e-08+0.0j	4.6457571699998017e-07+0.0j	-0.0002235467360715+0.0j	-0.0019539143351847+0.0j	-0.0009812416719554+0.0j	0.0052488143145517+0.0j	-0.0008282197841738998+0.0j	-0.0010108387200318+0.0j	-0.0011584650420614+0.0j	
2.9019000000234155e-12+0.0j	1.0000000036153618+0.0j	1.9424293189962416e-05+0.0j	8.551163736714162e-06+0.0j	1.979898998e-07+0.0j	3.818377218e-07+0.0j	7.060272100000914e-09+0.0j	7.054125699999709e-09+0.0j	-3.252691211e-07+0.0j	-4.102170000014109e-11+0.0j	5.515432923000001e-07+0.0j	7.145811800000337e-09+0.0j	3.301659999993352e-11+0.0j	
-6.182067356999999e-07+0.0j	1.9417115213749003e-05+0.0j	-0.9999999126499846+0.0j	0.0004194044907047667+0.0j	1.2670000000167627e-12+0.0j	1.8222636000000258e-09+0.0j	-3.5247253861999987e-06+0.0j	4.2108423382e-06+0.0j	-2.081500000006741e-12+0.0j	2.3412051975e-06+0.0j	3.5295000000448053e-12+0.0j	-9.3978391298e-06+0.0j	-6.0216459681e-06+0.0j	
-3.715110096e-07+0.0j	-8.553008245981708e-06+0.0j	0.0004194067122294254+0.0j	0.9999999149274961+0.0j	-5.62799999994116e-13+0.0j	2.442611780000001e-08+0.0j	-1.1719951415300002e-05+0.0j	3.5221807095000003e-06+0.0j	9.246000000002596e-13+0.0j	-9.139833620799999e-06+0.0j	-1.5677999999803002e-12+0.0j	5.1091554078999995e-06+0.0j	-1.9503537432e-06+0.0j	
-1.7347622999997763e-08+0.0j	2.206039159e-07+0.0j	-7.76009165e-08+0.0j	5.990151290000091e-08+0.0j	-0.32778974491911755+0.0j	0.6872010665922074+0.0j	0.006907144864432335+0.0j	-0.004053219182898388+0.0j	0.18828538979040782+0.0j	0.00021223435036339666+0.0j	-0.2742279123253374+0.0j	-0.25860160761590517+0.0j	7.081571593000398e-07+0.0j	
0.0002259119617099+0.0j	-4.900735551e-07+0.0j	2.8544823553e-06+0.0j	6.5903797435999995e-06+0.0j	0.004390038459802625+0.0j	0.4642282816372329+0.0j	0.5312655117568104+0.0j	0.2582689197676665+0.0j	-0.3852168985785708+0.0j	-0.021439179814543394+0.0j	0.32311942780881475+0.0j	-0.3879235206636278+0.0j	0.0007038019226175991+0.0j	
-7.137499221000093e-07+0.0j	8.19901771e-08+0.0j	-6.431373938e-06+0.0j	4.9230569609999996e-06+0.0j	-0.6858214286210017+0.0j	-0.167044278132553+0.0j	0.4581017434511801+0.0j	-0.35029179181181624+0.0j	0.15814274559226682+0.0j	0.017078123055315985+0.0j	-0.07984727084438911+0.0j	0.6387232030615748+0.0j	5.0102863624700185e-05+0.0j	
3.552651909001156e-07+0.0j	-4.68979562e-08+0.0j	4.798594905899999e-06+0.0j	-3.7012743873000004e-06+0.0j	-0.3647124425339043+0.0j	-0.02474895006658029+0.0j	-0.3438548797813694+0.0j	0.26131348351191297+0.0j	0.6440406683795719+0.0j	-0.012717111162017458+0.0j	0.4136295266499873+0.0j	-0.12159534219264428+0.0j	-3.583974375101495e-05+0.0j	
-0.0019802026032736003+0.0j	-3.6583300650000004e-07+0.0j	5.200935352999998e-07+0.0j	1.3124851491000004e-06+0.0j	0.0048960795086790965+0.0j	0.34802727484419205+0.0j	-0.260309173853905+0.0j	0.04931841266556114+0.0j	0.13722145842959083+0.0j	0.01199880803376252+0.0j	0.5997391861172378+0.0j	0.038442372116732224+0.0j	-0.0003197676130857821+0.0j	
-0.0035669915621442+0.0j	8.326425400000004e-09+0.0j	3.0019891424000003e-06+0.0j	8.2315867551e-06+0.0j	-8.952079184629952e-05+0.0j	-0.007770513977096008+0.0j	-0.068480258807035+0.0j	-0.6958669148580994+0.0j	-0.3409958923648982+0.0j	0.9809993089693392+0.0j	-0.2988940233349109+0.0j	-0.33445253939644004+0.0j	0.00011204464697897598+0.0j	
-0.0015384133878188+0.0j	3.799165814e-07+0.0j	4.1227507243000006e-06+0.0j	9.5984303831e-06+0.0j	-0.006377449766325427+0.0j	-0.3618316865155126+0.0j	0.4340252787272839+0.0j	0.3971686600866256+0.0j	0.596533506644685+0.0j	-0.03761071179323633+0.0j	0.0010116203676288071+0.0j	-0.45792150456216957+0.0j	0.0005498732823717989+0.0j	
-3.374969686699967e-06+0.0j	-1.542734209e-07+0.0j	-4.974673560299999e-06+0.0j	3.8554999643000005e-06+0.0j	0.5376836908256666+0.0j	0.1778340362990523+0.0j	0.3584561646225368+0.0j	-0.2699844032902714+0.0j	0.4151503675791578+0.0j	0.013048128889947774+0.0j	0.5058351062782381+0.0j	0.06326709553263485+0.0j	4.4256364781510016e-05+0.0j	
0.0007641942186796999+0.0j	1.825860000000193e-11+0.0j	-6.0555268407000006e-06+0.0j	2.2358217311e-06+0.0j	-2.3938581097000122e-06+0.0j	-5.144423551490043e-05+0.0j	0.017222681967854897+0.0j	0.158083051827618+0.0j	0.0793221621832507+0.0j	0.003189910756959846+0.0j	0.06695537998872389+0.0j	0.0625418113784698+0.0j	1.0001353787483327+0.0j	

7.31
0.9999901677767643+0.0j	-4.697339999999999e-11+0.0j	-9.243826237999999e-07+0.0j	6.376938665000001e-07+0.0j	-7.0743066033e-06+0.0j	-1.8966119176000023e-06+0.0j	-0.00023577906893389996+0.0j	-0.001947221131868+0.0j	-1.1690716355999874e-06+0.0j	0.0052149315333505+0.0j	3.1780080470000804e-07+0.0j	-0.00039840480482500014+0.0j	-0.0011573300593497+0.0j	
4.495100000074678e-12+0.0j	1.0000000036153618+0.0j	1.943182540858901e-05+0.0j	8.543053962473124e-06+0.0j	-3.252691211e-07+0.0j	6.081118356e-07+0.0j	-1.974109999852236e-11+0.0j	-3.0585100000165937e-11+0.0j	-2.616305631e-07+0.0j	2.5808662881000005e-06+0.0j	4.171946817e-07+0.0j	4.7306624397e-06+0.0j	5.3669760399e-06+0.0j	
-9.576143553e-07+0.0j	1.9417115213749003e-05+0.0j	-0.99999982935154+0.0j	0.00058153357651336+0.0j	-2.081500000006741e-12+0.0j	6.974651900000034e-09+0.0j	-6.2192820353999995e-06+0.0j	7.7046844245e-06+0.0j	2.2424978869999998e-07+0.0j	5.3133299168e-06+0.0j	-3.575875009e-07+0.0j	-1.2940050629399998e-05+0.0j	-5.8518295638e-06+0.0j	
-5.754778384e-07+0.0j	-8.553008245981708e-06+0.0j	0.0005815435065725516+0.0j	0.9999998352710674+0.0j	9.246000000002596e-13+0.0j	1.5854137800000012e-08+0.0j	-2.09226583208e-05+0.0j	6.5901470096e-06+0.0j	1.3476454130000002e-07+0.0j	-1.38521570533e-05+0.0j	-2.1489480909999998e-07+0.0j	1.23488673819e-05+0.0j	-6.816593967000002e-07+0.0j	
-1.8573444699998125e-08+0.0j	3.082445083e-07+0.0j	-1.3640963019999938e-07+0.0j	1.1346859410000161e-07+0.0j	0.9982982546267416+0.0j	0.05520831199657014+0.0j	0.005613968368603894+0.0j	-0.004266703781147074+0.0j	0.0765675185961482+0.0j	-0.0291709172627419+0.0j	-0.10683975076953695+0.0j	-0.3596378868166402+0.0j	0.0007088868098525001+0.0j	
0.00023920714834509997+0.0j	-7.680433811000001e-07+0.0j	5.2430791851e-06+0.0j	1.19705456215e-05+0.0j	-0.017351658877734377+0.0j	0.4688987764727397+0.0j	0.5327663634181041+0.0j	0.25634636181670534+0.0j	-0.3967736155199938+0.0j	-0.015732215674419795+0.0j	0.4410415976335986+0.0j	-0.027283332634683383+0.0j	0.0006642951699509991+0.0j	
-8.255417920999871e-07+0.0j	1.5067021890000004e-07+0.0j	-1.1393770885499999e-05+0.0j	9.152889659100002e-06+0.0j	-0.04335037094858771+0.0j	0.5301018017662339+0.0j	0.45635767344958056+0.0j	-0.3528659453817137+0.0j	0.38210995029192485+0.0j	0.020344546694914693+0.0j	-0.41014997131612607+0.0j	0.17694472015976637+0.0j	0.00045640589327630016+0.0j	
-3.9905259680006466e-07+0.0j	-2.4982124899999984e-08+0.0j	1.0036554403200001e-05+0.0j	-3.8038389653000005e-06+0.0j	-0.0179866935520899+0.0j	0.34004568998009166+0.0j	-0.34143741168487185+0.0j	0.26517523969069057+0.0j	0.7632561618067226+0.0j	-0.03413782011657862+0.0j	0.23867406214467468+0.0j	-0.36545287202026877+0.0j	0.00011446770230667813+0.0j	
-0.0019876672470925004+0.0j	-5.835934523000001e-07+0.0j	-9.749493120000031e-08+0.0j	1.9731787680000017e-07+0.0j	-0.014358916446116088+0.0j	0.3486883264412761+0.0j	-0.259925773714905+0.0j	0.05207424350986395+0.0j	-0.2233912157453539+0.0j	-0.0038849791370783038+0.0j	0.22310702193152004+0.0j	-0.4788202836659059+0.0j	-0.0005057155427874854+0.0j	
-0.0035675631898721004+0.0j	-3.9742254999999905e-09+0.0j	3.791351701600001e-06+0.0j	1.17387106843e-05+0.0j	-0.0022752572140836004+0.0j	-0.008660613415170798+0.0j	-0.0700549374393377+0.0j	-0.6947836300278482+0.0j	0.004483299220671699+0.0j	0.9705466487692267+0.0j	-0.00466501134266839+0.0j	-0.07360915106393645+0.0j	0.0002861043292849419+0.0j	
-0.0015284178866955+0.0j	5.888077206000001e-07+0.0j	6.5921459782e-06+0.0j	1.53901174473e-05+0.0j	0.012252176883632282+0.0j	-0.3618324628015479+0.0j	0.43793317673224963+0.0j	0.39695924343507244+0.0j	0.21948854302793888+0.0j	-0.04527685263694818+0.0j	-0.21403560446472994+0.0j	-0.4948514876111566+0.0j	0.0003149163547063044+0.0j	
-3.954890924000071e-06+0.0j	-2.230758462e-07+0.0j	-7.7657179792e-06+0.0j	9.262265333300001e-06+0.0j	0.022937494659818092+0.0j	-0.3577996866424718+0.0j	0.3560263832778875+0.0j	-0.27098797951565956+0.0j	0.24187101424469915+0.0j	0.03870951217286783+0.0j	0.7595251356131495+0.0j	0.420794583430954+0.0j	-0.0001944342536613075+0.0j	
0.0007643705533100001+0.0j	3.819471700000001e-09+0.0j	-1.0218031701600002e-05+0.0j	4.458687278099999e-06+0.0j	0.0005723798102427+0.0j	0.00013914411084210015+0.0j	0.017369671125414+0.0j	0.15805631623564792+0.0j	9.286720729538567e-05+0.0j	0.00434166435853911+0.0j	-4.720429467912346e-06+0.0j	-0.006867631427724202+0.0j	1.000183736661075+0.0j	

7.1
0.9999901633397466+0.0j	-3.900000000002437e-15+0.0j	-1.104657074e-06+0.0j	7.867139548000001e-07+0.0j	-1.8723138199999936e-08+0.0j	1.8981854479999615e-07+0.0j	-0.00024319141252859998+0.0j	-0.0019343236130275002+0.0j	2.5090307725000394e-06+0.0j	0.0033694418735356006+0.0j	-1.7915031222000537e-06+0.0j	-0.0019726963730997+0.0j	-0.0007646732935385+0.0j	
5.40550000007372e-12+0.0j	1.0000000036153618+0.0j	1.9432029915500415e-05+0.0j	8.542593152527367e-06+0.0j	-4.1012193529999996e-07+0.0j	7.353910569e-07+0.0j	-2.5935599999764108e-11+0.0j	7.031154199999972e-09+0.0j	-6.434671459e-07+0.0j	6.996689000000268e-09+0.0j	9.899494990000001e-07+0.0j	1.8038300000011113e-10+0.0j	7.309980000074656e-11+0.0j	
-1.1515615665e-06+0.0j	1.9417115213749003e-05+0.0j	-0.9999997863464329+0.0j	0.0006534526640359639+0.0j	-2.6245000000177064e-12+0.0j	6.975466400000024e-09+0.0j	-8.0136380379e-06+0.0j	1.0137862140100001e-05+0.0j	-6.064968100000033e-09+0.0j	3.2123691853000003e-06+0.0j	6.335000000057344e-12+0.0j	-2.21784913266e-05+0.0j	-1.3393026094200001e-05+0.0j	
-6.920303120000001e-07+0.0j	-8.553008245981708e-06+0.0j	0.0006534601205454016+0.0j	0.9999997828783433+0.0j	1.1658000000043554e-12+0.0j	1.5853776000000012e-08+0.0j	-2.7134363928800003e-05+0.0j	8.7873716919e-06+0.0j	-3.6404357000000064e-09+0.0j	-1.88947515657e-05+0.0j	-2.8139999999904324e-12+0.0j	1.34588010144e-05+0.0j	-4.455160096e-06+0.0j	
-1.677217240000353e-08+0.0j	3.720476393e-07+0.0j	-1.812628848000005e-07+0.0j	1.4008904069999967e-07+0.0j	0.9969834937033986+0.0j	0.07441841404376602+0.0j	0.005589181589400138+0.0j	-0.004294034189249896+0.0j	0.011779942513638134+0.0j	-0.01954300199570611+0.0j	-0.011780841166699224+0.0j	0.007773782830846371+0.0j	0.0005330346064879+0.0j	
0.0002482637255375+0.0j	-9.256406543e-07+0.0j	6.7310123679000005e-06+0.0j	1.52962810482e-05+0.0j	-0.025054807724223416+0.0j	0.46996885500212104+0.0j	0.5340127568333388+0.0j	0.25473076957370344+0.0j	-0.3359525207916412+0.0j	-0.1174560219253401+0.0j	0.354906558138109+0.0j	-0.4145081440867505+0.0j	0.0181115613096056+0.0j	
-7.610336479999831e-07+0.0j	1.707951601e-07+0.0j	-1.5022646505900003e-05+0.0j	1.1513729655400005e-05+0.0j	-0.055395658670754494+0.0j	0.5277489290238266+0.0j	0.454473057234812+0.0j	-0.3550127643851565+0.0j	0.3494582743937535+0.0j	0.03533225911721159+0.0j	-0.3622797961418367+0.0j	0.357320971797599+0.0j	0.00034466870590520084+0.0j	
3.372907017999737e-07+0.0j	-3.9381369799999996e-08+0.0j	1.1208657982900002e-05+0.0j	-8.6420695978e-06+0.0j	-0.028034866096240382+0.0j	0.3370469874123939+0.0j	-0.34042013107944313+0.0j	0.2648298925896782+0.0j	0.7455071917370576+0.0j	-0.052062970411536014+0.0j	0.26459132565987464+0.0j	-0.28959976800916665+0.0j	4.119068363669931e-05+0.0j	
-0.001993316819878+0.0j	-6.910086102999999e-07+0.0j	8.008118840999997e-07+0.0j	2.078966220699999e-06+0.0j	-0.01854537991902408+0.0j	0.3498042210308269+0.0j	-0.2592680186456282+0.0j	0.055615555694417534+0.0j	-0.2539992163696384+0.0j	0.7482559783724657+0.0j	0.26823050826706285+0.0j	0.3030193298695428+0.0j	-0.1578576272359465+0.0j	
-0.0035690311794786+0.0j	1.5728377600000008e-08+0.0j	6.7909459623000006e-06+0.0j	1.91134592935e-05+0.0j	0.0004125880216179008+0.0j	-0.007918360478059498+0.0j	-0.070806115339409+0.0j	-0.6910276849179386+0.0j	0.006732001218198225+0.0j	0.3199671897916149+0.0j	-0.006808337082180732+0.0j	-0.6104696263997793+0.0j	0.13895789469819148+0.0j	
-0.0015221327955222998+0.0j	7.175573844e-07+0.0j	9.3177601039e-06+0.0j	2.13454963139e-05+0.0j	0.01916650366158562+0.0j	-0.362171060350871+0.0j	0.440550122985649+0.0j	0.39811469451196413+0.0j	0.2643197544247784+0.0j	0.5625139659996028+0.0j	-0.28107370341431587+0.0j	-0.23011878232388303+0.0j	-0.13184255039107332+0.0j	
-3.316685133499908e-06+0.0j	-2.638544545e-07+0.0j	-1.1620573962e-05+0.0j	9.0235738128e-06+0.0j	0.028810968221718275+0.0j	-0.357600342664314+0.0j	0.3546081669793105+0.0j	-0.2739521252944854+0.0j	0.26761488833093533+0.0j	0.03520704749176262+0.0j	0.7216034377158833+0.0j	0.2553869139600967+0.0j	-0.00042478135897289215+0.0j	
0.0007647200939904+0.0j	3.441240000000127e-11+0.0j	-1.3532948110699998e-05+0.0j	4.8095405587e-06+0.0j	3.2104604692001146e-06+0.0j	-2.9265530513600604e-05+0.0j	0.0173973910455071+0.0j	0.1573648559852704+0.0j	-0.00019626918328601028+0.0j	0.15206848701919295+0.0j	0.0001542220292338886+0.0j	0.10801619671247278+0.0j	0.9685274192167969+0.0j	

6.83
0.9999901503252893+0.0j	1.5653200000000004e-11+0.0j	-1.3650296189000002e-06+0.0j	9.855140394000002e-07+0.0j	2.010782770000046e-08+0.0j	1.4626786000000388e-07+0.0j	-0.0002569441760413+0.0j	-0.0019209475859230999+0.0j	5.29478088119996e-06+0.0j	0.0033234497720785+0.0j	0.0013965871015537+0.0j	-0.0020382226517309+0.0j	-0.0007653311852392+0.0j	
1.626406204000001e-07+0.0j	1.000000003615419+0.0j	-3.6546592460107163e-06+0.0j	-2.9811298194404312e-05+0.0j	6.364151680000007e-08+0.0j	8.273153088e-07+0.0j	4.016313598000002e-06+0.0j	-2.8355426703999997e-06+0.0j	-8.202438705999999e-07+0.0j	-8.761449999970724e-11+0.0j	1.1879393988e-06+0.0j	2.55711500000779e-10+0.0j	9.989630000112424e-11+0.0j	
-1.2909600838e-06+0.0j	1.941196427346359e-05+0.0j	-1.0000195055298826+0.0j	0.0007101083622634563+0.0j	-4.0607656619999997e-07+0.0j	-7.181499989999996e-08+0.0j	-7.5826682291e-06+0.0j	1.1956192954300001e-05+0.0j	-5.249000000035413e-12+0.0j	2.7198618827999985e-06+0.0j	7.602000000047637e-12+0.0j	-3.10780597431e-05+0.0j	-1.8344354060400003e-05+0.0j	
-7.758028647e-07+0.0j	-8.544436909174724e-06+0.0j	0.0007310943339998432+0.0j	0.9999799647696355+0.0j	-2.4403192250000003e-07+0.0j	-3.14959277e-08+0.0j	-3.56488270256e-05+0.0j	1.12801306377e-05+0.0j	2.3316000000087107e-12+0.0j	-2.46507820072e-05+0.0j	-3.376799999977931e-12+0.0j	1.9894069654399998e-05+0.0j	-6.1823113032000015e-06+0.0j	
-1.6271590599999835e-08+0.0j	4.3642774e-07+0.0j	-2.534409159999989e-07+0.0j	1.958708976000033e-07+0.0j	-0.26332891824247706+0.0j	0.7037909822688598+0.0j	0.005800586984782807+0.0j	-0.004265355591142439+0.0j	0.376495292490787+0.0j	0.0007519991253304922+0.0j	-0.5427697648292366+0.0j	0.004168726253876431+0.0j	1.471920551100259e-06+0.0j	
0.000263625477104+0.0j	-1.1563254244e-06+0.0j	9.419679207900002e-06+0.0j	2.1253218652300003e-05+0.0j	0.03574697731318788+0.0j	0.46931525640696375+0.0j	0.5362695346106185+0.0j	0.25201861734524955+0.0j	-0.33710369713531424+0.0j	-0.1573537246107959+0.0j	0.3277879308272445+0.0j	-0.4042399644334807+0.0j	0.0191815341172367+0.0j	
