100.0
1.0000000084408662+0.0j	2.6524299978625265e-09+0.0j	-1.6431433991215272e-10+0.0j	0.0+0.0j	0.0+0.0j	0.0+0.0j	0.0+0.0j	0.0+0.0j	0.0+0.0j	0.0+0.0j	0.0+0.0j	0.0+0.0j	
2.6524299978625265e-09+0.0j	0.9999999963920189+0.0j	-4.633732508807498e-09+0.0j	0.0+0.0j	0.0+0.0j	0.0+0.0j	0.0+0.0j	0.0+0.0j	0.0+0.0j	0.0+0.0j	0.0+0.0j	0.0+0.0j	
-1.6431433991215272e-10+0.0j	-4.633732508807498e-09+0.0j	1.0000000057959701+0.0j	0.0+0.0j	0.0+0.0j	0.0+0.0j	0.0+0.0j	0.0+0.0j	0.0+0.0j	0.0+0.0j	0.0+0.0j	0.0+0.0j	
0.0+0.0j	0.0+0.0j	0.0+0.0j	1.0000000027823595+0.0j	1.8193296999675403e-09+0.0j	1.0734931000762685e-09+0.0j	-3.0641348000570723e-09+0.0j	2.463191942081444e-10+0.0j	1.2280602229575166e-09+0.0j	3.434475204233678e-09+0.0j	5.145441302201181e-09+0.0j	-3.247655283589168e-09+0.0j	
0.0+0.0j	0.0+0.0j	0.0+0.0j	1.8193296999675403e-09+0.0j	0.9999999961613741+0.0j	-2.0194872440981726e-09+0.0j	8.163621723067394e-10+0.0j	-2.6239375117143027e-09+0.0j	-4.526361396806067e-09+0.0j	1.7748264247163803e-09+0.0j	2.7495645621433695e-09+0.0j	9.969787027191979e-10+0.0j	
0.0+0.0j	0.0+0.0j	0.0+0.0j	1.0734931000762685e-09+0.0j	-2.0194872440981726e-09+0.0j	0.9999999972730653+0.0j	8.461928324710044e-09+0.0j	1.3853128366658751e-09+0.0j	7.606662105752449e-10+0.0j	1.9575679688355052e-09+0.0j	4.130197989171691e-09+0.0j	-3.43440530181649e-09+0.0j	
0.0+0.0j	0.0+0.0j	0.0+0.0j	-3.0641348000570723e-09+0.0j	8.163621723067394e-10+0.0j	8.461928324710044e-09+0.0j	0.9999999949717763+0.0j	1.779752858976913e-09+0.0j	2.361573325782018e-09+0.0j	-1.7068525759444952e-09+0.0j	-6.415607101128984e-09+0.0j	1.0767695034219482e-09+0.0j	
0.0+0.0j	0.0+0.0j	0.0+0.0j	2.463191942081444e-10+0.0j	-2.6239375117143027e-09+0.0j	1.3853128366658751e-09+0.0j	1.779752858976913e-09+0.0j	0.9999999916406604+0.0j	-3.78351930341303e-09+0.0j	1.0984047282835974e-09+0.0j	-3.699207273832883e-09+0.0j	-3.349707178301742e-10+0.0j	
0.0+0.0j	0.0+0.0j	0.0+0.0j	1.2280602229575166e-09+0.0j	-4.526361396806067e-09+0.0j	7.606662105752449e-10+0.0j	2.361573325782018e-09+0.0j	-3.78351930341303e-09+0.0j	1.0000000012541048+0.0j	6.391500440017239e-09+0.0j	9.024758301778846e-10+0.0j	1.2289499973228146e-09+0.0j	
0.0+0.0j	0.0+0.0j	0.0+0.0j	3.434475204233678e-09+0.0j	1.7748264247163803e-09+0.0j	1.9575679688355052e-09+0.0j	-1.7068525759444952e-09+0.0j	1.0984047282835974e-09+0.0j	6.391500440017239e-09+0.0j	0.9999999956293748+0.0j	3.7779002773352666e-09+0.0j	-2.1563585084205528e-09+0.0j	
0.0+0.0j	0.0+0.0j	0.0+0.0j	5.145441302201181e-09+0.0j	2.7495645621433695e-09+0.0j	4.130197989171691e-09+0.0j	-6.415607101128984e-09+0.0j	-3.699207273832883e-09+0.0j	9.024758301778846e-10+0.0j	3.7779002773352666e-09+0.0j	1.0000000035095498+0.0j	1.3719649305521386e-09+0.0j	
0.0+0.0j	0.0+0.0j	0.0+0.0j	-3.247655283589168e-09+0.0j	9.969787027191979e-10+0.0j	-3.43440530181649e-09+0.0j	1.0767695034219482e-09+0.0j	-3.349707178301742e-10+0.0j	1.2289499973228146e-09+0.0j	-2.1563585084205528e-09+0.0j	1.3719649305521386e-09+0.0j	1.0000000043839812+0.0j	

28.0
1.0000000090600303+0.0j	6.390482350515647e-07+0.0j	-1.6431433991215272e-10+0.0j	0.0+0.0j	0.0+0.0j	0.0+0.0j	0.0+0.0j	0.0+0.0j	0.0+0.0j	0.0+0.0j	0.0+0.0j	0.0+0.0j	
-6.342120371649607e-07+0.0j	0.9999999970107238+0.0j	-4.633732508807498e-09+0.0j	0.0+0.0j	0.0+0.0j	0.0+0.0j	0.0+0.0j	0.0+0.0j	0.0+0.0j	0.0+0.0j	0.0+0.0j	0.0+0.0j	
-1.971405372280799e-09+0.0j	-4.631955069500648e-09+0.0j	1.0000000057959701+0.0j	0.0+0.0j	0.0+0.0j	0.0+0.0j	0.0+0.0j	0.0+0.0j	0.0+0.0j	0.0+0.0j	0.0+0.0j	0.0+0.0j	
0.0+0.0j	0.0+0.0j	0.0+0.0j	0.9762274672823464+0.0j	8.512920327000064e-07+0.0j	-0.00022549563564589988+0.0j	1.8393693179945964e-07+0.0j	-0.1255923601249794+0.0j	-1.1252972482028722e-06+0.0j	-0.11238071597753871+0.0j	3.177252915195772e-06+0.0j	-0.13629756880680577+0.0j	
0.0+0.0j	0.0+0.0j	0.0+0.0j	8.449012607999388e-07+0.0j	0.39224123306594283+0.0j	-0.006271966208218849+0.0j	-0.6823356430234875+0.0j	2.6306250200502923e-05+0.0j	0.34472495552126164+0.0j	-4.84679777212893e-06+0.0j	0.5115566868119669+0.0j	6.773502475897544e-06+0.0j	
0.0+0.0j	0.0+0.0j	0.0+0.0j	-0.0002254519137653997+0.0j	-0.006260992615712502+0.0j	0.9999332504964009+0.0j	-0.007038135405173687+0.0j	-0.001190945929636894+0.0j	0.003555738036612313+0.0j	-0.001066016066232106+0.0j	0.005276605909803611+0.0j	-0.0012926707539054998+0.0j	
0.0+0.0j	0.0+0.0j	0.0+0.0j	1.8482855530018577e-07+0.0j	-0.6823356988856968+0.0j	-0.007032727609515371+0.0j	0.233936223625612+0.0j	2.5484408567436057e-05+0.0j	0.3870256437488053+0.0j	-9.066555883896488e-06+0.0j	0.5743287532491463+0.0j	3.203517281905044e-06+0.0j	
0.0+0.0j	0.0+0.0j	0.0+0.0j	0.1255922772072815+0.0j	-2.6271822045204063e-05+0.0j	0.0011909742370257714+0.0j	-2.5447264630509836e-05+0.0j	-0.33648522351432153+0.0j	1.8407738573811283e-05+0.0j	0.5937163626389255+0.0j	1.5859983648613962e-06+0.0j	0.7200720339879909+0.0j	
0.0+0.0j	0.0+0.0j	0.0+0.0j	-1.1345794865974534e-06+0.0j	0.3447249477680872+0.0j	0.0035530352335196025+0.0j	0.3870253492040156+0.0j	-1.8303359681184905e-05+0.0j	0.8044696250995524+0.0j	-3.62454946611912e-07+0.0j	-0.2901587057277694+0.0j	-7.6115859431458155e-06+0.0j	
0.0+0.0j	0.0+0.0j	0.0+0.0j	0.11238064194768219+0.0j	4.844055260050384e-06+0.0j	0.0010659238670810978+0.0j	9.054724668194902e-06+0.0j	0.59371677523685+0.0j	3.167584263219503e-07+0.0j	-0.46873923278592505+0.0j	-2.247250319401678e-05+0.0j	0.6443239633259794+0.0j	
0.0+0.0j	0.0+0.0j	0.0+0.0j	3.174757537909023e-06+0.0j	0.5115567494389556+0.0j	0.0052725919369354945+0.0j	0.5743289624511989+0.0j	-1.5836568685034802e-06+0.0j	-0.2901582842634898+0.0j	2.244355035600082e-05+0.0j	0.5694175191515228+0.0j	1.660103888054265e-05+0.0j	
0.0+0.0j	0.0+0.0j	0.0+0.0j	0.13629769240061174+0.0j	-6.762219788597479e-06+0.0j	0.0012927157036475984+0.0j	-3.2052059290958723e-06+0.0j	0.7200716729115277+0.0j	7.545633452676892e-06+0.0j	0.6443243359397804+0.0j	-1.6587873532147857e-05+0.0j	-0.2185502167851857+0.0j	

11.0
1.0000000056920426+0.0j	4.443248739771644e-06+0.0j	1.2290406470327753e-08+0.0j	-2.3811600000000245e-11+0.0j	0.0+0.0j	-7.9382e-12+0.0j	1.4142129e-08+0.0j	-7.938800000000316e-12+0.0j	0.0+0.0j	-7.9382e-12+0.0j	1.4142129e-08+0.0j	4.762919999999999e-11+0.0j	
-4.443158321321139e-06+0.0j	0.9999999969841291+0.0j	-1.2815505731039734e-05+0.0j	2.4691373199999996e-08+0.0j	0.0+0.0j	8.1485469e-09+0.0j	1.3749000000000383e-11+0.0j	8.0994004e-09+0.0j	0.0+0.0j	8.1485469e-09+0.0j	1.3749000000000383e-11+0.0j	-4.88912814e-08+0.0j	
-1.2779219293879152e-08+0.0j	1.2818369237277416e-05+0.0j	1.0000000040865165+0.0j	-6.92122501e-08+0.0j	0.0+0.0j	5.7966473e-09+0.0j	3.9499999999356576e-14+0.0j	2.3117085699999997e-08+0.0j	0.0+0.0j	5.7966473e-09+0.0j	3.9499999999356576e-14+0.0j	-3.47798838e-08+0.0j	
-3.6e-15+0.0j	-3.41969702e-08+0.0j	7.357644880000001e-08+0.0j	0.976228089406419+0.0j	5.488119386000488e-07+0.0j	-0.00020982979477459978+0.0j	1.8246564269935872e-07+0.0j	-0.1255792154195697+0.0j	-1.1279336328967604e-06+0.0j	-0.11243820557857201+0.0j	3.1906508148951684e-06+0.0j	-0.1362578196120055+0.0j	
4.741928000000001e-10+0.0j	8.00300000000005e-13+0.0j	9.293289999999887e-11+0.0j	1.0754182996000757e-06+0.0j	0.3920315917881873+0.0j	-0.006542973840547417+0.0j	-0.6824071177317377+0.0j	2.7020448994191648e-05+0.0j	0.34476326589211426+0.0j	-5.467394712077578e-06+0.0j	0.5115928392441735+0.0j	7.123763054200927e-06+0.0j	
5.031000000000001e-12+0.0j	-8.14155e-11+0.0j	-9.083311699999998e-09+0.0j	-0.0002473735075993+0.0j	-0.005579656218831719+0.0j	0.9999372036315253+0.0j	-0.007039615036016814+0.0j	-0.0012222634038887292+0.0j	0.0035565214935307926+0.0j	-0.0010398685683794262+0.0j	0.005277552804698396+0.0j	-0.0013275226238121975+0.0j	
-1.35328294e-08+0.0j	3.900000000000369e-13+0.0j	2.643000000000856e-13+0.0j	1.8269628520011655e-07+0.0j	-0.6823263076012303+0.0j	-0.006566520475090293+0.0j	0.23413040188413936+0.0j	2.5919799736498494e-05+0.0j	0.3869770410377868+0.0j	-9.466128999296997e-06+0.0j	0.5742990642268673+0.0j	3.1931776705990123e-06+0.0j	
2.42e-14+0.0j	3.0680671999999997e-08+0.0j	3.67562944e-08+0.0j	0.1256016169961027+0.0j	-2.5874606814746404e-05+0.0j	0.0011927537721208026+0.0j	-2.588016740520671e-05+0.0j	-0.3364879154189001+0.0j	1.8632407603788592e-05+0.0j	0.5938588628149323+0.0j	1.8357200041174693e-06+0.0j	0.7199516176702694+0.0j	
-1.01912988e-08+0.0j	-4.5169999999675084e-13+0.0j	-3.8819999999801556e-13+0.0j	-1.138825575383584e-06+0.0j	0.3447999652599553+0.0j	0.0033182547419840086+0.0j	0.38696972976392907+0.0j	-1.8542209513375263e-05+0.0j	0.8044727249540613+0.0j	-1.644220291030507e-07+0.0j	-0.2901379904176754+0.0j	-7.612027480952133e-06+0.0j	
3.072e-13+0.0j	3.05839528e-08+0.0j	2.04451074e-08+0.0j	0.11235941674786828+0.0j	5.45392574910486e-06+0.0j	0.0011220690443796977+0.0j	9.507747228326702e-06+0.0j	0.5937790154022432+0.0j	9.888556493087286e-08+0.0j	-0.4685538443098755+0.0j	-2.2784995872895952e-05+0.0j	0.6444050533130367+0.0j	
-1.06195608e-08+0.0j	1.1330000000005171e-12+0.0j	5.827000000021139e-13+0.0j	3.1808266183000478e-06+0.0j	0.511687301102014+0.0j	0.004924380141491394+0.0j	0.5742023614488375+0.0j	-1.90883303552436e-06+0.0j	-0.2901690087144771+0.0j	2.2847296682698692e-05+0.0j	0.5694255428794868+0.0j	1.663620573449931e-05+0.0j	
-9.02e-14+0.0j	-2.7456853099999997e-08+0.0j	-5.912986899999992e-09+0.0j	0.13630209970402027+0.0j	-5.867672638397783e-06+0.0j	0.0012934866941063002+0.0j	-3.181735863898999e-06+0.0j	0.7200213321810114+0.0j	7.5512463988403056e-06+0.0j	0.6443178623173849+0.0j	-1.6668501757882703e-05+0.0j	-0.2187323339947546+0.0j	

9.6
1.0000000043516322+0.0j	2.488555529789327e-05+0.0j	6.832474302997937e-08+0.0j	-1.4286960000000147e-10+0.0j	2.8284258e-08+0.0j	-3.175400000000088e-11+0.0j	4.2426387e-08+0.0j	4.7631000000002976e-11+0.0j	2.1225099899999997e-08+0.0j	7.090909700000001e-09+0.0j	3.53751665e-08+0.0j	-1.4427903600000001e-08+0.0j	
-2.4884078863196546e-05+0.0j	0.9999999962177795+0.0j	-7.04521823310933e-05+0.0j	1.4814823919999997e-07+0.0j	2.7498000000000767e-11+0.0j	3.24958946e-08+0.0j	4.1246999999999496e-11+0.0j	-4.8743841900000004e-08+0.0j	-1.2275916599999998e-08+0.0j	-2.0389066e-08+0.0j	-2.0459860999999998e-08+0.0j	2.933830859e-07+0.0j	
-7.07799493460115e-08+0.0j	7.044970380784554e-05+0.0j	0.9999999964287266+0.0j	-4.152735006e-07+0.0j	7.899999999871315e-14+0.0j	5.7827466e-08+0.0j	1.184999999997241e-13+0.0j	-8.6741199e-08+0.0j	1.72857459e-08+0.0j	-5.8313792999999995e-09+0.0j	2.88095765e-08+0.0j	1.9135882489999997e-07+0.0j	
-4.0899999999802855e-14+0.0j	-1.410723464e-07+0.0j	4.1516641279999995e-07+0.0j	0.9999999613160448+0.0j	-1.1994795850000356e-06+0.0j	0.00020439020752159988+0.0j	-1.2627857401241449e-08+0.0j	-0.00011117281452498184+0.0j	-9.410032597398366e-06+0.0j	0.0004410041218108028+0.0j	-9.384741874896019e-06+0.0j	-8.066897865921518e-05+0.0j	
-1.5873586799999998e-08+0.0j	2.7861550000000024e-10+0.0j	5.554682999999961e-10+0.0j	2.1177839963000024e-06+0.0j	0.9999866024075655+0.0j	-0.004459105114865525+0.0j	-0.002568674584684044+0.0j	1.3103148426008016e-06+0.0j	0.00020883957882332493+0.0j	0.00012459440961010149+0.0j	0.00021586572036610963+0.0j	0.00028829349217520013+0.0j	
-1.615790999999999e-10+0.0j	-2.7160142999999996e-08+0.0j	-5.423025679999999e-08+0.0j	-0.0002042924865571996+0.0j	0.004459026975886182+0.0j	0.999989917938357+0.0j	-3.442798383956891e-05+0.0j	0.00027736076467382853+0.0j	-0.00013263619223409517+0.0j	-0.0001308859741962487+0.0j	-0.00012481360102899186+0.0j	0.0005557553235085982+0.0j	
-4.4920708100000004e-08+0.0j	8.585999999982459e-13+0.0j	3.1209999999609094e-13+0.0j	1.2430169699095828e-08+0.0j	0.002569022200163279+0.0j	2.2987885979916522e-05+0.0j	0.9999966080862741+0.0j	4.643756044489522e-06+0.0j	-6.280848987227916e-05+0.0j	-0.00011789646377058371+0.0j	-4.202774149447697e-05+0.0j	-0.00018216417559330234+0.0j	
1.857999999996707e-13+0.0j	5.590416629999999e-08+0.0j	8.250466329999999e-08+0.0j	0.00011115225925690392+0.0j	-2.5654278949238662e-06+0.0j	-0.00027711776224778606+0.0j	-4.628475427717604e-06+0.0j	0.9999998153681242+0.0j	9.364039886949893e-05+0.0j	-0.00022932552972271258+0.0j	8.94460680766207e-05+0.0j	0.0003937147110028849+0.0j	
-4.4205418999999996e-08+0.0j	-1.1537999999872952e-12+0.0j	-6.222999999915762e-13+0.0j	-4.458788990802098e-09+0.0j	-0.00039721100714619484+0.0j	-6.429148040762445e-06+0.0j	0.00038002824608340813+0.0j	-2.8540400656973386e-06+0.0j	1.000077999399571+0.0j	0.0005257754367992973+0.0j	6.725051382124037e-05+0.0j	0.0004833496566651885+0.0j	
1.762699999997761e-12+0.0j	2.3615012300000006e-08+0.0j	-1.347622500000007e-09+0.0j	-0.00017797318003879778+0.0j	3.0246339504380604e-06+0.0j	0.00022822541523584428+0.0j	4.822343755594982e-06+0.0j	-0.00039534918924111206+0.0j	-0.00015154494673777497+0.0j	0.9996359982324279+0.0j	-0.0001470602235570176+0.0j	-0.0008976302330160058+0.0j	
-7.05408678e-08+0.0j	3.022100000012101e-12+0.0j	8.352000000147749e-13+0.0j	-1.666171450809273e-08+0.0j	-0.00039061556118445695+0.0j	-8.365341377311597e-06+0.0j	0.0001686688782524537+0.0j	-3.497771749016998e-06+0.0j	1.4448166693228903e-05+0.0j	-0.00034884015269329854+0.0j	0.9999985903546036+0.0j	-0.00021860780394650225+0.0j	
-5.837000000007783e-13+0.0j	-3.0360813159999997e-07+0.0j	-1.7856871439999996e-07+0.0j	3.762460664322176e-05+0.0j	2.1533264286024284e-06+0.0j	-0.00033234529171519665+0.0j	2.6593118890652634e-07+0.0j	0.0003460013677011875+0.0j	3.6807581163422753e-05+0.0j	0.0005881502981222586+0.0j	3.698932247220288e-05+0.0j	1.0003641865866122+0.0j	

8.79
0.9999995271037208+0.0j	-0.0009751334282100954+0.0j	-2.6039027127278125e-06+0.0j	-3.09549000000039e-10+0.0j	-5.6568516e-08+0.0j	-7.939040000000227e-11+0.0j	1.2727916099999999e-07+0.0j	-1.7464159999999982e-10+0.0j	9.899490300000001e-08+0.0j	7.938079999999921e-11+0.0j	1.8384767699999999e-07+0.0j	6.985586000000001e-10+0.0j	
0.0009751323868856798+0.0j	0.9999995088832945+0.0j	-0.0001729337045770496+0.0j	3.2113529109999996e-07+0.0j	-5.4996000000001534e-11+0.0j	8.079741799999999e-08+0.0j	1.237410000000018e-10+0.0j	1.791697388e-07+0.0j	9.624300000000103e-11+0.0j	-8.158376200000001e-08+0.0j	1.7873700000000333e-10+0.0j	-7.173178597e-07+0.0j	
2.778295115302143e-06+0.0j	0.00017292837216134616+0.0j	0.9999999885420022+0.0j	-9.517205664999999e-07+0.0j	-1.579999999974263e-13+0.0j	3.0045261060000004e-07+0.0j	3.554999999925548e-13+0.0j	1.621671174e-07+0.0j	2.764999999971504e-13+0.0j	-2.3325596199999997e-08+0.0j	5.134999999965986e-13+0.0j	-4.235027704e-07+0.0j	
-1.4909999999955232e-13+0.0j	-4.005608195e-07+0.0j	8.922578072e-07+0.0j	0.9762118843382322+0.0j	9.674022685002412e-07+0.0j	0.0020037922736665+0.0j	-5.267109168998266e-07+0.0j	-0.12378896968155309+0.0j	-1.148235311609902e-06+0.0j	-0.11544510414367859+0.0j	2.509319243788888e-06+0.0j	-0.13548088803357877+0.0j	
7.090247079999998e-08+0.0j	-1.92541799999998e-09+0.0j	-8.075333999999701e-10+0.0j	-2.23009360844999e-05+0.0j	0.9989567179668597+0.0j	-0.0022363127248939407+0.0j	-0.024605146627054014+0.0j	0.007022511617634092+0.0j	-0.018051066898638793+0.0j	-0.0073577847200603785+0.0j	-0.03233648875282803+0.0j	-0.0003338084445827019+0.0j	
7.281974999999968e-10+0.0j	1.8767508140000003e-07+0.0j	7.918379439999998e-08+0.0j	0.0020563696875173+0.0j	0.010407800449897808+0.0j	0.19209926792925414+0.0j	-0.00041968720974799867+0.0j	-0.6772916415443976+0.0j	-0.00010727209549490913+0.0j	0.7093912455492192+0.0j	-0.0002149859721102959+0.0j	0.032018406842400995+0.0j	
-1.985324939e-07+0.0j	3.764599999992363e-12+0.0j	6.5545000000065455e-12+0.0j	1.5387061779933986e-07+0.0j	0.03516521673719039+0.0j	-0.0001610737549016389+0.0j	-0.06792286896808492+0.0j	9.163161247846552e-05+0.0j	0.5555688251547537+0.0j	-9.02098826395803e-05+0.0j	0.8279451266214601+0.0j	3.0460117386929553e-06+0.0j	
1.5150000000015194e-12+0.0j	3.554287848e-07+0.0j	1.6689697100000002e-07+0.0j	0.1235344798919025+0.0j	0.00016781126802542512+0.0j	0.6774540303112325+0.0j	-8.582240989415957e-05+0.0j	0.22878698787171267+0.0j	5.240979598228335e-05+0.0j	0.003567032284146787+0.0j	5.4979671087217186e-05+0.0j	0.6880690451254841+0.0j	
-6.293559179999999e-08+0.0j	-2.9427999999917855e-12+0.0j	-1.5596999999826812e-12+0.0j	5.574779153028064e-07+0.0j	0.01257881963736042+0.0j	7.12741366921954e-05+0.0j	0.5565931721252455+0.0j	-5.3362807909212995e-05+0.0j	0.7099640582840596+0.0j	5.142835614471708e-05+0.0j	-0.4312735197082409+0.0j	-6.060401475216359e-06+0.0j	
3.472499999996857e-12+0.0j	5.163992268e-07+0.0j	6.04093842e-07+0.0j	0.1144320289477014+0.0j	-0.0001734251238244+0.0j	-0.7091269391267376+0.0j	7.303655961439504e-05+0.0j	-4.996547049961053e-05+0.0j	-3.9436921997870744e-05+0.0j	0.16110236666639405+0.0j	-8.308582259214381e-05+0.0j	0.676823665071563+0.0j	
-1.1660304060000001e-07+0.0j	1.9082700000019783e-11+0.0j	1.2567900000014312e-11+0.0j	1.5584680473010315e-06+0.0j	0.024130244753523475+0.0j	0.00010306720118131996+0.0j	0.8276381637277899+0.0j	-7.671062965518977e-05+0.0j	-0.4323985061893121+0.0j	7.613841893258644e-05+0.0j	0.3570214490209602+0.0j	2.5103980784008106e-05+0.0j	
-9.423000000025932e-13+0.0j	-2.6292128410000005e-07+0.0j	-4.818003939999996e-08+0.0j	0.13656749429312692+0.0j	-7.3332654693981925e-06+0.0j	-0.0358306423326656+0.0j	1.093474758120938e-05+0.0j	0.6881566067422454+0.0j	-6.128929001536498e-06+0.0j	0.6763250989612347+0.0j	-3.334194024567916e-06+0.0j	-0.22156341269984897+0.0j	

8.22
0.9999949143179706+0.0j	-0.003188706973788369+0.0j	-8.006944610061684e-06+0.0j	-4.92103600000002e-10+0.0j	-1.13137032e-07+0.0j	1.50854600000062e-10+0.0j	2.40416193e-07+0.0j	-4.3659619999999954e-10+0.0j	-1.9798980600000003e-07+0.0j	4.68345399999989e-10+0.0j	3.4648612929999997e-07+0.0j	1.1430966e-09+0.0j	
0.0031887075675833265+0.0j	0.9999948597231872+0.0j	-0.0003321808990372488+0.0j	5.105177298e-07+0.0j	-1.0999200000000307e-10+0.0j	-1.5246335910000003e-07+0.0j	2.337330000000115e-10+0.0j	4.4856325150000003e-07+0.0j	-1.9248600000000206e-10+0.0j	-4.814523181e-07+0.0j	-3.761996200000006e-09+0.0j	-1.1737347791e-06+0.0j	
9.065046681078215e-06+0.0j	0.00033214317615204436+0.0j	0.9999999523747469+0.0j	-1.5112152146e-06+0.0j	-3.159999999948526e-13+0.0j	-9.415173419e-07+0.0j	6.714999999874074e-13+0.0j	1.8025209429999997e-07+0.0j	-5.529999999943008e-13+0.0j	-9.951605309999994e-08+0.0j	5.762863299999988e-09+0.0j	-7.134741424e-07+0.0j	
-1.570580000000046e-11+0.0j	-9.217142454e-07+0.0j	1.1130329579e-06+0.0j	0.9192395865438201+0.0j	0.0008853018072444001+0.0j	-0.0012383912926143+0.0j	-0.0009595750502966998+0.0j	0.02477699736174141+0.0j	-0.00018687748040460694+0.0j	0.03418618258984001+0.0j	0.0007400337101989979+0.0j	-0.39142470131970325+0.0j	
1.398381066e-07+0.0j	-1.8054922539999993e-07+0.0j	3.2017192050000007e-07+0.0j	-0.0007911407809400998+0.0j	0.6855310871156023+0.0j	0.4185192653533971+0.0j	0.32451096520026546+0.0j	0.24653125091733843+0.0j	-0.0038565235672390202+0.0j	-0.2562509358277989+0.0j	-0.2863356199903452+0.0j	-0.008987992046787298+0.0j	
-6.287176500000007e-09+0.0j	4.030838236e-07+0.0j	4.978588248e-07+0.0j	0.0021141266988099995+0.0j	0.44365139664805064+0.0j	0.4071548299224298+0.0j	-0.46645763199727275+0.0j	-0.3365007849609408+0.0j	-0.3805246350531419+0.0j	0.3507415108795624+0.0j	0.3556853528162126+0.0j	0.0169167507491678+0.0j	
-3.509437555e-07+0.0j	-1.9804659370000002e-07+0.0j	3.651451716e-07+0.0j	-0.0008639567834323987+0.0j	-0.31002552984126186+0.0j	0.4783300049822914+0.0j	0.2954715153262605+0.0j	0.27291911070244523+0.0j	0.2768540103225189+0.0j	-0.2841830678660749+0.0j	0.43213636382395265+0.0j	-0.011554319930354499+0.0j	
-4.387099899999982e-09+0.0j	-2.9646082499999997e-07+0.0j	-4.7453944080000006e-07+0.0j	-0.025812495488813383+0.0j	0.24603928311891066+0.0j	-0.34079308913717343+0.0j	-0.26685119127581625+0.0j	0.8061550015127881+0.0j	-0.020741161693947463+0.0j	0.20286618222040337+0.0j	0.20309744686456335+0.0j	0.010325378150499304+0.0j	
-2.55967637e-07+0.0j	1.0006065289999995e-07+0.0j	-1.844660748e-07+0.0j	0.0004344366721655002+0.0j	0.18812746626972382+0.0j	-0.2417732939358864+0.0j	0.4990657462997846+0.0j	-0.13791435506325045+0.0j	0.8555127056803338+0.0j	0.1435643604259526+0.0j	0.685042651010529+0.0j	0.005866797452990846+0.0j	
4.589270300000007e-09+0.0j	3.4767696799999996e-07+0.0j	3.1527022600000007e-07+0.0j	-0.03901754079003879+0.0j	-0.2571027161379637+0.0j	0.35592843384352313+0.0j	0.2788697790665884+0.0j	0.19948759887967707+0.0j	0.020812524600902924+0.0j	0.7890415259305603+0.0j	-0.21216485861437323+0.0j	-0.01237916747384843+0.0j	
-1.2955483550000006e-07+0.0j	1.4848250989999997e-07+0.0j	-2.7375914570000005e-07+0.0j	0.000644871012245099+0.0j	0.2736473988126081+0.0j	-0.3587672650330539+0.0j	0.4376473891253063+0.0j	-0.20458409303883313+0.0j	-0.21644860475151645+0.0j	0.21311948214057877+0.0j	-0.22106387617086867+0.0j	0.008692312877135178+0.0j	
2.4590270000000805e-10+0.0j	8.822801832e-07+0.0j	1.2521574826e-06+0.0j	0.3909008670658633+0.0j	-0.013855318418861397+0.0j	0.0164980202336122+0.0j	0.015026647825990495+0.0j	0.018292285574984718+0.0j	0.0013268142038643238+0.0j	0.0082104010404484+0.0j	-0.011444740711460955+0.0j	0.9197723990421884+0.0j	

7.77
0.9999943985335642+0.0j	-0.0033483080121337605+0.0j	-7.844318817895601e-06+0.0j	-5.873469999999921e-10+0.0j	-1.9092271030000001e-07+0.0j	7.329126499999955e-09+0.0j	3.81837483e-07+0.0j	-8.9699559999999e-10+0.0j	-1.627257659e-07+0.0j	2.910924549e-07+0.0j	2.759262987e-07+0.0j	5.09461709e-08+0.0j	
0.0033483030029853866+0.0j	0.9999942666441316+0.0j	-0.0004994569311955743+0.0j	6.095289550999999e-07+0.0j	3.913235199999999e-09+0.0j	-2.590461860000001e-07+0.0j	3.7122299999999877e-10+0.0j	9.225059272e-07+0.0j	9.411536059999999e-08+0.0j	-1.2107848634e-06+0.0j	-1.595869158e-07+0.0j	-1.4872337005000001e-06+0.0j	
9.517895728172743e-06+0.0j	0.0004994236286972875+0.0j	0.9999998761054286+0.0j	-1.8746664070000002e-06+0.0j	-5.7624288e-09+0.0j	-2.2235425295e-06+0.0j	1.0664999999776645e-12+0.0j	4.880580089999999e-08+0.0j	-1.325240519e-07+0.0j	-5.057323271e-07+0.0j	2.247146967e-07+0.0j	-9.972664595999998e-07+0.0j	
6.1307000000004905e-12+0.0j	-1.1351450686e-06+0.0j	1.3484548385999998e-06+0.0j	0.9192915248031502+0.0j	-0.0009122735816865999+0.0j	-0.0015338813228674998+0.0j	0.0009506655427486991+0.0j	0.0246608377172248+0.0j	0.0004020458509012004+0.0j	-0.044880609595758694+0.0j	-0.10698751033973661+0.0j	-0.2646758876825533+0.0j	
2.2272857530000001e-07+0.0j	-4.835596501000002e-07+0.0j	8.438559528000001e-07+0.0j	-0.0007190279916895995+0.0j	0.688432798334631+0.0j	0.41894778255082255+0.0j	0.32380544092755703+0.0j	0.2474814909781652+0.0j	0.19825209554629958+0.0j	-0.25891093359289286+0.0j	-0.28433974332540235+0.0j	-0.003290298540200399+0.0j	
1.4504849000000005e-08+0.0j	9.206891261000002e-07+0.0j	1.0419934979999999e-06+0.0j	0.0031325700246830996+0.0j	-0.4350253500592729+0.0j	0.4104600186656832+0.0j	0.46605347792413854+0.0j	-0.3364086078511547+0.0j	0.2433454376674547+0.0j	0.35041833828479496+0.0j	-0.3598423579475706+0.0j	0.0125209708600767+0.0j	
-5.725213568e-07+0.0j	-5.322483208999999e-07+0.0j	9.592857098999998e-07+0.0j	-0.0007713479071947997+0.0j	-0.31305877160682016+0.0j	0.47718074504362157+0.0j	0.29260735904638213+0.0j	0.27398349809738226+0.0j	-0.4952463761904127+0.0j	-0.24538633388393694+0.0j	0.4874207864123002+0.0j	-0.07354444179535749+0.0j	
6.30730000000014e-10+0.0j	-5.310580558e-07+0.0j	-7.776139181000001e-07+0.0j	-0.026466671276701388+0.0j	-0.25226240098946867+0.0j	-0.3402841773976515+0.0j	0.2628892729664641+0.0j	0.805382262293119+0.0j	0.1368747639504317+0.0j	-0.0018508505049645851+0.0j	-0.47969743605071996+0.0j	0.34966999425406664+0.0j	
-4.1145902109999997e-07+0.0j	2.689111604e-07+0.0j	-4.846250791e-07+0.0j	0.0003876724374740903+0.0j	0.18204297036981948+0.0j	-0.24112878456963052+0.0j	0.5015063860785727+0.0j	-0.13845157323009677+0.0j	0.3869505841512263+0.0j	-0.2028508699996135+0.0j	0.19813315917555227+0.0j	0.5913988343867962+0.0j	
-6.217134000000018e-10+0.0j	9.83650138e-07+0.0j	9.125131969e-07+0.0j	-0.03791924000914751+0.0j	0.2636156468787564+0.0j	0.3551366938981287+0.0j	-0.27470199548909463+0.0j	0.19878520304658492+0.0j	-0.14350186661894+0.0j	0.5741597600251354+0.0j	-0.07614155571948872+0.0j	0.3357432767913041+0.0j	
-2.2158874800000003e-07+0.0j	3.9905518070000006e-07+0.0j	-7.191812733000001e-07+0.0j	0.0005754684026523932+0.0j	0.26895322273830913+0.0j	-0.35782836024704656+0.0j	0.442746722957992+0.0j	-0.2053873414433622+0.0j	-0.6828092838265261+0.0j	0.49593114238480585+0.0j	0.17441534078788118+0.0j	-0.473946762539332+0.0j	
-4.2394499999996363e-11+0.0j	1.1776291784999999e-06+0.0j	1.6408687357e-06+0.0j	0.3908367196725836+0.0j	0.0141980942974834+0.0j	0.014208779527312601+0.0j	-0.014797083947208804+0.0j	0.0199521666774988+0.0j	-0.00730015663957384+0.0j	0.34556707162135786+0.0j	0.48552624255001675+0.0j	0.35483926717120695+0.0j	

7.31
0.9999934956069204+0.0j	-0.0036079078800604347+0.0j	-7.622173905763585e-06+0.0j	-4.127209999999062e-10+0.0j	-3.182018713e-07+0.0j	4.2089139999998285e-10+0.0j	6.151865803e-07+0.0j	-1.8336599999999463e-09+0.0j	-2.617762321e-07+0.0j	7.596322926999999e-07+0.0j	4.174269647e-07+0.0j	-5.669971900000001e-09+0.0j	
0.0036079063229704222+0.0j	0.9999932311986554+0.0j	-0.0007279539291391302+0.0j	4.2908140729999985e-07+0.0j	3.7894941999999905e-09+0.0j	-4.1821025870000033e-07+0.0j	-3.500765199999984e-09+0.0j	1.8875730093999998e-06+0.0j	1.514029714e-07+0.0j	-3.1105644085999996e-06+0.0j	-2.4142635979999995e-07+0.0j	-1.4382008291e-06+0.0j	
1.02429682129479e-05+0.0j	0.0007279137447190609+0.0j	0.9999997415932853+0.0j	-1.5865021259999998e-06+0.0j	-5.7627842999999925e-09+0.0j	-5.1223041821e-06+0.0j	5.7636138000000104e-09+0.0j	-5.142613825e-07+0.0j	-2.131908661e-07+0.0j	-1.2847753773e-06+0.0j	3.399530027e-07+0.0j	-1.0317684874e-06+0.0j	
7.308479999999897e-11+0.0j	-8.618890721e-07+0.0j	1.1202396751e-06+0.0j	0.9194067140950959+0.0j	0.0009220778255994999+0.0j	-0.0023796486825063+0.0j	-0.000904438614158001+0.0j	0.024531212881517703+0.0j	-0.0006785399576564877+0.0j	-0.051555868273153393+0.0j	-0.1054290208962977+0.0j	-0.2655684750152725+0.0j	
2.863223665e-07+0.0j	-1.9551440632e-06+0.0j	1.374413505000001e-06+0.0j	-0.0017839709582963997+0.0j	0.6739528478304073+0.0j	0.4171308161329248+0.0j	0.34134847735010404+0.0j	0.24902241332595956+0.0j	0.2049171782896836+0.0j	-0.2582727198175083+0.0j	-0.2933032107284236+0.0j	0.005422561114216201+0.0j	
-4.5202713899999984e-08+0.0j	1.4750924166999998e-06+0.0j	1.6083600924e-06+0.0j	0.004038244301952+0.0j	0.4683660239515989+0.0j	0.40957492303511156+0.0j	-0.4521895831112366+0.0j	-0.3362364090215446+0.0j	-0.24033126481588335+0.0j	0.3497023160642958+0.0j	0.3568045206876319+0.0j	0.0103690599477157+0.0j	
-8.799903875e-07+0.0j	-9.803691282000001e-07+0.0j	2.7331045699000006e-06+0.0j	-4.652611706199884e-05+0.0j	-0.3205123727202063+0.0j	0.4762496267018682+0.0j	0.29100467654274703+0.0j	0.2760013670146999+0.0j	-0.49606780338149487+0.0j	-0.24675617356778717+0.0j	0.4881798832336954+0.0j	-0.0689325380637003+0.0j	
2.9443022000000008e-08+0.0j	-7.810909982e-07+0.0j	-1.0695589889e-06+0.0j	-0.027014484827008294+0.0j	0.2555409699505917+0.0j	-0.34030889144254994+0.0j	-0.2500988045215227+0.0j	0.8038161249637181+0.0j	-0.1363719015472098+0.0j	-0.004198239815835475+0.0j	-0.07397916810790958+0.0j	0.3494400095172159+0.0j	
-6.346674030999998e-07+0.0j	4.858050892e-07+0.0j	-1.3985154278000002e-06+0.0j	-7.4116143952140945e-06+0.0j	0.1716226667554987+0.0j	-0.24065253820757487+0.0j	0.5036525239705398+0.0j	-0.13947468342265568+0.0j	0.3878142627437328+0.0j	-0.19719366310357941+0.0j	0.19730116245106005+0.0j	0.5926502041238244+0.0j	
-3.10164489e-08+0.0j	1.7224721373e-06+0.0j	1.5948861464999998e-06+0.0j	-0.036888091813752605+0.0j	-0.26700575232480106+0.0j	0.35769854725663697+0.0j	0.26132324652868455+0.0j	0.19737440562653283+0.0j	0.14151290773508074+0.0j	0.570567223103351+0.0j	-0.49958426849560356+0.0j	0.3315460882019132+0.0j	
-3.8491413720000014e-07+0.0j	7.153710868999999e-07+0.0j	-2.0785961675000006e-06+0.0j	-1.6135099777395134e-05+0.0j	0.2614719480784873+0.0j	-0.35713768735203905+0.0j	0.44870342589134854+0.0j	-0.20691461718098458+0.0j	-0.6825154049309867+0.0j	0.4922757239533733+0.0j	0.174174589778184+0.0j	-0.4806368743997666+0.0j	
-1.6154959999999777e-09+0.0j	8.474442912e-07+0.0j	1.3083738155000002e-06+0.0j	0.39051290169318753+0.0j	-0.014395960796730093+0.0j	0.0119702874181708+0.0j	0.014090634212358701+0.0j	0.02253618461133411+0.0j	0.008494597675720195+0.0j	0.3495269003337266+0.0j	0.4622705880899442+0.0j	0.3583526123692248+0.0j	

7.1
0.9999929008858254+0.0j	-0.0037686966254042997+0.0j	-7.505437686183836e-06+0.0j	-1.2697640000001075e-10+0.0j	-3.889125163e-07+0.0j	5.162260000000285e-10+0.0j	7.49532837e-07+0.0j	-2.532184399999919e-09+0.0j	-6.36395805e-07+0.0j	-1.923238699999833e-09+0.0j	9.899490299999998e-07+0.0j	9.525906000000005e-10+0.0j	
0.0037686896799322134+0.0j	0.9999925341387176+0.0j	-0.0008480280640444371+0.0j	1.3322724739999993e-07+0.0j	3.7207492000000035e-09+0.0j	-5.097512160000007e-07+0.0j	7.286970000000187e-10+0.0j	2.6076922196e-06+0.0j	-6.187050000000288e-10+0.0j	-5.2922766989e-06+0.0j	9.624300000000566e-10+0.0j	-9.772850165e-07+0.0j	
1.0699187962426304e-05+0.0j	0.0008479837804801216+0.0j	0.9999996433732659+0.0j	-9.118390703999999e-07+0.0j	-5.762981799999994e-09+0.0j	-7.3915596265000005e-06+0.0j	2.0934999999708616e-12+0.0j	-1.0780236008999998e-06+0.0j	-1.7774999999892439e-12+0.0j	-9.618749921999993e-07+0.0j	2.764999999971504e-12+0.0j	-8.861224983999999e-07+0.0j	
1.3386283000000002e-09+0.0j	-3.730870904999999e-07+0.0j	6.211365596e-07+0.0j	0.9194770916981736+0.0j	0.0010885565648400997+0.0j	-0.003788130769176+0.0j	-0.0007621095850566008+0.0j	0.02467494439027921+0.0j	-0.0007387964802592906+0.0j	-0.060322588080132106+0.0j	-0.1053743923355934+0.0j	-0.2623047557819361+0.0j	
3.099010304e-07+0.0j	-3.1239641236999995e-06+0.0j	1.8341729169000006e-06+0.0j	-0.002503624703372099+0.0j	0.6699583125296713+0.0j	0.41571406540445843+0.0j	0.3468832516034159+0.0j	0.2500399203688733+0.0j	0.20605228665978137+0.0j	-0.2577864583465286+0.0j	-0.29436743270587074+0.0j	0.0114906535432777+0.0j	
-4.7489350299999993e-08+0.0j	1.9078249997000002e-06+0.0j	2.0356002308e-06+0.0j	0.0046475454541411+0.0j	0.48052151668940113+0.0j	0.4101339291567473+0.0j	-0.44697591229090294+0.0j	-0.33608951522869335+0.0j	-0.24104387194463778+0.0j	0.3491997620336746+0.0j	0.3573400753130697+0.0j	0.0088972927431668+0.0j	
-8.903915033e-07+0.0j	-1.3269985433000007e-06+0.0j	4.1632183345e-06+0.0j	0.00045554214168540014+0.0j	-0.31881370746456117+0.0j	0.47571676207951974+0.0j	0.2884528363802676+0.0j	0.2773259760572665+0.0j	-0.4966261099937765+0.0j	-0.24764109322591443+0.0j	0.48869916478281283+0.0j	-0.06572465779913489+0.0j	
5.6360392300000014e-08+0.0j	-1.4116006857000001e-06+0.0j	-1.6381547735000002e-06+0.0j	-0.027584269239265997+0.0j	0.2588616099110134+0.0j	-0.3366265029717076+0.0j	-0.24089981658228687+0.0j	0.8030107554231718+0.0j	-0.13574053784776827+0.0j	0.016008954749924934+0.0j	-0.07459925395511281+0.0j	0.3292744149255166+0.0j	
-6.339926627999998e-07+0.0j	3.895116266e-07+0.0j	-2.3557032003e-06+0.0j	-0.00040588237903860236+0.0j	0.1700102810402072+0.0j	-0.24105382469514428+0.0j	0.5045911394360117+0.0j	-0.13936082995350318+0.0j	0.38839218414192833+0.0j	-0.193228393995103+0.0j	0.19674132963775748+0.0j	0.5934478092240361+0.0j	
-5.277131109999999e-08+0.0j	1.9032503225999999e-06+0.0j	1.7995406512e-06+0.0j	-0.0363815807289305+0.0j	-0.2696156614516839+0.0j	0.3616872981373775+0.0j	0.2522822938929038+0.0j	0.1967987581007481+0.0j	0.14050868362493063+0.0j	0.5876041121510327+0.0j	-0.4985269503084381+0.0j	0.3107200596853599+0.0j	
-3.712559514000001e-07+0.0j	1.1975245098999999e-06+0.0j	-2.9617041519000008e-06+0.0j	-0.0003053651021594009+0.0j	0.2606819802082945+0.0j	-0.3561364369526323+0.0j	0.4513039310151047+0.0j	-0.2086663887433982+0.0j	-0.6823082344727516+0.0j	0.4896198360358257+0.0j	0.17400287371714013+0.0j	-0.4852204385319738+0.0j	
-8.264774499999991e-09+0.0j	2.2949989629999996e-07+0.0j	5.853350351e-07+0.0j	0.39027517258869826+0.0j	-0.015248487105732799+0.0j	0.0150328672881697+0.0j	0.013084656784984494+0.0j	0.023183225152557302+0.0j	0.00872910351083589+0.0j	0.37609977239032777+0.0j	0.46206790623924776+0.0j	0.33897062400264716+0.0j	

6.83
0.9999919475641542+0.0j	-0.0040146773507991895+0.0j	-7.351011844514144e-06+0.0j	6.032570000000014e-10+0.0j	5.161916773e-07+0.0j	6.51321200000331e-10+0.0j	9.404555473e-07+0.0j	3.786346199999821e-09+0.0j	-8.061013530000001e-07+0.0j	-8.366703199999956e-09+0.0j	1.187938836e-06+0.0j	4.207017999999621e-10+0.0j	
0.004014669737516796+0.0j	0.999991431960399+0.0j	-0.0010068694459801353+0.0j	-6.230738449e-07+0.0j	-3.5970082000000215e-09+0.0j	-6.363339138000013e-07+0.0j	-3.1845381999999935e-09+0.0j	-3.9012076493e-06+0.0j	-7.836930000000136e-10+0.0j	8.6016414016e-06+0.0j	1.1549160000000256e-09+0.0j	-4.337405527e-07+0.0j	
1.1391378219149928e-05+0.0j	0.0010068218905482929+0.0j	0.9999994928871685+0.0j	8.93128562e-07+0.0j	5.763337299999987e-09+0.0j	-1.1698969161800001e-05+0.0j	5.764522299999971e-09+0.0j	2.2925672507e-06+0.0j	-2.2514999999616704e-12+0.0j	1.5024296398000002e-06+0.0j	3.3179999999658047e-12+0.0j	3.509543523e-07+0.0j	
2.1919384999999976e-09+0.0j	1.2107582402e-06+0.0j	-4.737427911000001e-07+0.0j	0.9435249167402914+0.0j	0.0009916480281857+0.0j	-0.005794905499085599+0.0j	0.0008719016224129003+0.0j	-0.1501629359275041+0.0j	0.00012372972699332963+0.0j	-0.1310421092625849+0.0j	-0.1072089008542976+0.0j	0.2635843628782952+0.0j	
4.943994035e-07+0.0j	-2.9357970801e-06+0.0j	5.0801647019e-06+0.0j	-0.0003671637495412999+0.0j	-0.657106450141782+0.0j	0.4165602747415893+0.0j	0.37067634345954825+0.0j	-0.25246394690928065+0.0j	0.20068189381178952+0.0j	0.2534754324592251+0.0j	-0.017503807502073365+0.0j	-0.022034460087269198+0.0j	
-1.2342758500000017e-08+0.0j	4.5590560519e-06+0.0j	4.5885923485e-06+0.0j	0.008518745374272298+0.0j	0.4748808827546672+0.0j	0.41427358046184526+0.0j	0.42704136560427697+0.0j	0.33401456643097405+0.0j	0.23761607447497518+0.0j	-0.3498448064345706+0.0j	-0.14444195435665386+0.0j	-0.0113264411529575+0.0j	
-1.3636400248e-06+0.0j	-3.2362499185e-06+0.0j	5.7563383814e-06+0.0j	-0.00031657969287629886+0.0j	0.3265679558465212+0.0j	0.47297594862900133+0.0j	0.2763621424028061+0.0j	-0.2795842874120137+0.0j	-0.49017937531162487+0.0j	0.289208588710498+0.0j	0.3607332149031283+0.0j	-0.003694938811539896+0.0j	
-3.1477459299999994e-08+0.0j	-4.360073283e-06+0.0j	-4.3237716524e-06+0.0j	-0.1565363521304423+0.0j	0.27390178817223004+0.0j	-0.331303220879235+0.0j	0.2404436856210529+0.0j	-0.13558887082154591+0.0j	0.14015141942278447+0.0j	0.4331360582759085+0.0j	-0.6555868916180854+0.0j	0.676153649580142+0.0j	
-8.862423603e-07+0.0j	1.6436006994000002e-06+0.0j	-2.9132397068000003e-06+0.0j	0.00015910017623779749+0.0j	-0.14676301683838472+0.0j	-0.23894507156415107+0.0j	0.5131184294772319+0.0j	0.1412738835132346+0.0j	0.3934946943317659+0.0j	-0.16659468214566822+0.0j	0.2658379979031042+0.0j	-0.012738258424735416+0.0j	
2.832109900000002e-08+0.0j	3.7098302915000005e-06+0.0j	3.6355831279000003e-06+0.0j	-0.1458046745540163+0.0j	-0.2862331028364904+0.0j	0.3717120227868844+0.0j	-0.25127159028707613+0.0j	0.39929955113762194+0.0j	-0.14854776692813595+0.0j	-0.21530981808388366+0.0j	0.11025975773973387+0.0j	0.6391628066692802+0.0j	
-5.913374477e-07+0.0j	2.4367555455000003e-06+0.0j	-4.310587555500001e-06+0.0j	0.00023130738900009606+0.0j	-0.23942201119460468+0.0j	-0.3546032833459156+0.0j	0.46843705622297155+0.0j	0.20962009873425355+0.0j	-0.6776417669114447+0.0j	-0.19740716194376573+0.0j	0.27953578165210924+0.0j	0.01595097722698466+0.0j	
-9.976998999999994e-09+0.0j	-2.7419653321e-06+0.0j	-2.4961342316e-06+0.0j	0.2528343809259541+0.0j	-0.015420056013309903+0.0j	0.018579819917825303+0.0j	-0.013547624082688801+0.0j	0.694446947639108+0.0j	-0.006236660272299355+0.0j	0.6641659530811352+0.0j	0.49413670164879875+0.0j	-0.18388331391789214+0.0j	

6.6
0.9999910055439194+0.0j	-0.004241757036266003+0.0j	-7.22944138231707e-06+0.0j	1.7303541999998478e-09+0.0j	6.434708383e-07+0.0j	7.861488099999456e-09+0.0j	1.1172361291999999e-06+0.0j	5.286566999999845e-09+0.0j	-9.75806901e-07+0.0j	-1.23515997999997e-08+0.0j	1.3435101932e-06+0.0j	-2.8180117999998606e-09+0.0j	
0.004241752059902071+0.0j	0.9999903583106851+0.0j	-0.0011319159735405926+0.0j	-1.7905865627e-06+0.0j	-3.4732671999999734e-09+0.0j	-7.638632078000011e-07+0.0j	-7.062375899999927e-09+0.0j	-5.4493921859e-06+0.0j	-9.486809999999983e-10+0.0j	1.2698748429899999e-05+0.0j	-6.842391899999947e-09+0.0j	2.8967641625000003e-06+0.0j	
1.2029946505842659e-05+0.0j	0.0011318676348274492+0.0j	0.9999993632375002+0.0j	3.7419375862e-06+0.0j	5.763692800000032e-09+0.0j	-1.7109124839400002e-05+0.0j	-5.7935268000000465e-09+0.0j	4.054873247000001e-06+0.0j	-2.7254999999870366e-12+0.0j	2.1087282771999995e-06+0.0j	-5.792894800000136e-09+0.0j	6.375338427e-07+0.0j	
1.3099052899999999e-08+0.0j	3.1297270293e-06+0.0j	-2.6331553908e-06+0.0j	0.943709528437216+0.0j	0.0010271689427602+0.0j	-0.0073836735436256995+0.0j	0.0008308276222741004+0.0j	-0.1500712979180451+0.0j	0.0004947612974165877+0.0j	-0.11696363204844962+0.0j	-0.0007022499424629985+0.0j	-0.27046895107005253+0.0j	
5.670870457e-07+0.0j	-4.384345928799999e-06+0.0j	7.5861068743e-06+0.0j	-0.00021014507368169975+0.0j	-0.6412125956306671+0.0j	0.41494252699060286+0.0j	0.39234520749576635+0.0j	-0.25491789839802087+0.0j	0.2116065794138727+0.0j	0.25725512516540927+0.0j	-0.2940539217905656+0.0j	0.0180530023171185+0.0j	
-3.352321660000007e-08+0.0j	6.5523213341e-06+0.0j	6.453115242299999e-06+0.0j	0.010875446395900299+0.0j	0.49246592163721004+0.0j	0.41638903551512063+0.0j	0.40727178376200635+0.0j	0.33312232827510213+0.0j	0.24265040293183965+0.0j	-0.34515954374349217+0.0j	-0.3593103048196763+0.0j	-0.0044944197683602+0.0j	
-1.6076985666999998e-06+0.0j	-4.8324131988e-06+0.0j	8.59028056e-06+0.0j	-0.00011337626868540042+0.0j	0.33283132231064416+0.0j	0.4710147666950053+0.0j	0.2681407108940405+0.0j	-0.28234635017819615+0.0j	-0.49277085734780923+0.0j	0.2849865959246756+0.0j	0.4373788885484033+0.0j	0.020216357433680096+0.0j	
-5.357060909999998e-08+0.0j	-5.1756431498e-06+0.0j	-5.045341439e-06+0.0j	-0.15843291331160408+0.0j	0.2837113794893189+0.0j	-0.3293549103031692+0.0j	0.22908776047448542+0.0j	-0.1327741071083876+0.0j	0.1366323482832709+0.0j	0.46020662297505344+0.0j	-0.20252273396517043+0.0j	-0.6665943622936317+0.0j	
-1.0012188984e-06+0.0j	2.4585518763000004e-06+0.0j	-4.339811866699999e-06+0.0j	5.65046959972032e-05+0.0j	-0.1292376389355238+0.0j	-0.23794784278820563+0.0j	0.5177772836043624+0.0j	0.14266876619791402+0.0j	0.40131223661770765+0.0j	-0.14380614300599942+0.0j	0.6755701426076434+0.0j	-0.010199229606566773+0.0j	
5.762322149999997e-08+0.0j	6.4145577128e-06+0.0j	6.164777921e-06+0.0j	-0.14361397480844149+0.0j	-0.2964834166200415+0.0j	0.37736492604307326+0.0j	-0.23940516299491588+0.0j	0.4006828608535101+0.0j	-0.14275060290897076+0.0j	-0.18012672934788124+0.0j	0.21159346539547702+0.0j	-0.65849188015126+0.0j	
-7.317450536000001e-07+0.0j	3.6438955525e-06+0.0j	-6.4400510712e-06+0.0j	7.90099851442072e-05+0.0j	-0.2240400258653128+0.0j	-0.353124972645218+0.0j	0.47983207794940474+0.0j	0.21169555770982915+0.0j	-0.6733224792426395+0.0j	-0.21364199589446448+0.0j	-0.22542961976978224+0.0j	-0.01517905651206164+0.0j	
-1.190977539999999e-08+0.0j	-4.5224665139e-06+0.0j	-4.9141302867e-06+0.0j	0.2521270140478311+0.0j	-0.015972493149504+0.0j	0.018386745828810898+0.0j	-0.012908277551547307+0.0j	0.6917083418252001+0.0j	-0.007697108342841152+0.0j	0.6397092872166907+0.0j	0.011261496040180702+0.0j	0.21862683678488504+0.0j	

6.39
0.9999902204387868+0.0j	-0.004423815288491673+0.0j	-7.137016977798449e-06+0.0j	3.357499199999651e-09+0.0j	-7.848921283e-07+0.0j	9.057624000009384e-10+0.0j	1.2798745815e-06+0.0j	-7.112220399999631e-09+0.0j	-6.649420037999999e-07+0.0j	3.9324045092e-06+0.0j	8.983546031e-07+0.0j	-1.1303123984999998e-06+0.0j	
0.004423804924858887+0.0j	0.9999894708872149+0.0j	-0.0012197097760095477+0.0j	-3.4762740922e-06+0.0j	3.3357771999999993e-09+0.0j	-8.627831576000019e-07+0.0j	-1.100310909999995e-08+0.0j	7.3344193494e-06+0.0j	2.6987767919999997e-07+0.0j	-1.5443840987099998e-05+0.0j	-3.3923292160000003e-07+0.0j	6.174994352499999e-06+0.0j	
