100.0
0.9999999991553093+0.0j	-2.0811906863670016e-09+0.0j	3.4818652869771094e-09+0.0j	0.0+0.0j	0.0+0.0j	0.0+0.0j	0.0+0.0j	0.0+0.0j	0.0+0.0j	0.0+0.0j	0.0+0.0j	0.0+0.0j	
-2.0811906863670016e-09+0.0j	1.0000000032037837+0.0j	2.8075547442441007e-09+0.0j	0.0+0.0j	0.0+0.0j	0.0+0.0j	0.0+0.0j	0.0+0.0j	0.0+0.0j	0.0+0.0j	0.0+0.0j	0.0+0.0j	
3.4818652869771094e-09+0.0j	2.8075547442441007e-09+0.0j	0.9999999930989494+0.0j	0.0+0.0j	0.0+0.0j	0.0+0.0j	0.0+0.0j	0.0+0.0j	0.0+0.0j	0.0+0.0j	0.0+0.0j	0.0+0.0j	
0.0+0.0j	0.0+0.0j	0.0+0.0j	0.9999999912758035+0.0j	-3.304150000208849e-09+0.0j	-1.430842899892426e-09+0.0j	-1.5454652002588887e-09+0.0j	2.3856728086080192e-09+0.0j	4.47210907195128e-10+0.0j	-8.719137103291308e-09+0.0j	-1.1724302986793056e-09+0.0j	6.912846073348078e-09+0.0j	
0.0+0.0j	0.0+0.0j	0.0+0.0j	-3.304150000208849e-09+0.0j	1.0000000011335675+0.0j	9.563044800486864e-10+0.0j	3.4797378450912575e-09+0.0j	2.966287326877648e-09+0.0j	-3.644225782251098e-09+0.0j	1.67747546409025e-09+0.0j	-1.3950703786624885e-09+0.0j	3.6712418998927077e-09+0.0j	
0.0+0.0j	0.0+0.0j	0.0+0.0j	-1.430842899892426e-09+0.0j	9.563044800486864e-10+0.0j	1.0000000020181283+0.0j	4.79002779107951e-09+0.0j	1.975924590613687e-09+0.0j	-6.42803232864253e-09+0.0j	-2.7355878118306975e-09+0.0j	-4.769113992608709e-10+0.0j	5.533128972362578e-10+0.0j	
0.0+0.0j	0.0+0.0j	0.0+0.0j	-1.5454652002588887e-09+0.0j	3.4797378450912575e-09+0.0j	4.79002779107951e-09+0.0j	0.9999999945064866+0.0j	6.607889929677313e-09+0.0j	7.221781284094675e-09+0.0j	1.5297599853525412e-09+0.0j	2.5247199886280214e-09+0.0j	-5.673718304205488e-09+0.0j	
0.0+0.0j	0.0+0.0j	0.0+0.0j	2.3856728086080192e-09+0.0j	2.966287326877648e-09+0.0j	1.975924590613687e-09+0.0j	6.607889929677313e-09+0.0j	1.0000000040364414+0.0j	-2.9271247925510835e-09+0.0j	-3.283438632095681e-09+0.0j	-1.4215356392011103e-09+0.0j	-7.314342825859299e-09+0.0j	
0.0+0.0j	0.0+0.0j	0.0+0.0j	4.47210907195128e-10+0.0j	-3.644225782251098e-09+0.0j	-6.42803232864253e-09+0.0j	7.221781284094675e-09+0.0j	-2.9271247925510835e-09+0.0j	0.9999999990428582+0.0j	7.873848517636617e-10+0.0j	1.1940646180153003e-09+0.0j	-6.295204357797957e-10+0.0j	
0.0+0.0j	0.0+0.0j	0.0+0.0j	-8.719137103291308e-09+0.0j	1.67747546409025e-09+0.0j	-2.7355878118306975e-09+0.0j	1.5297599853525412e-09+0.0j	-3.283438632095681e-09+0.0j	7.873848517636617e-10+0.0j	0.9999999897747138+0.0j	-4.554056062811007e-09+0.0j	-5.997985802475014e-09+0.0j	
0.0+0.0j	0.0+0.0j	0.0+0.0j	-1.1724302986793056e-09+0.0j	-1.3950703786624885e-09+0.0j	-4.769113992608709e-10+0.0j	2.5247199886280214e-09+0.0j	-1.4215356392011103e-09+0.0j	1.1940646180153003e-09+0.0j	-4.554056062811007e-09+0.0j	1.000000004899126+0.0j	-2.4407742216236983e-09+0.0j	
0.0+0.0j	0.0+0.0j	0.0+0.0j	6.912846073348078e-09+0.0j	3.6712418998927077e-09+0.0j	5.533128972362578e-10+0.0j	-5.673718304205488e-09+0.0j	-7.314342825859299e-09+0.0j	-6.295204357797957e-10+0.0j	-5.997985802475014e-09+0.0j	-2.4407742216236983e-09+0.0j	1.000000005424936+0.0j	

28.0
0.9999999991553093+0.0j	4.905963368190269e-09+0.0j	2.795183276244756e-09+0.0j	0.0+0.0j	0.0+0.0j	0.0+0.0j	0.0+0.0j	0.0+0.0j	0.0+0.0j	0.0+0.0j	0.0+0.0j	0.0+0.0j	
-2.0811906863670016e-09+0.0j	0.9999999996200477+0.0j	1.0641796249766244e-07+0.0j	0.0+0.0j	0.0+0.0j	0.0+0.0j	0.0+0.0j	0.0+0.0j	0.0+0.0j	0.0+0.0j	0.0+0.0j	0.0+0.0j	
3.4818652869771094e-09+0.0j	-9.98488451364743e-08+0.0j	1.000000001124652+0.0j	0.0+0.0j	0.0+0.0j	0.0+0.0j	0.0+0.0j	0.0+0.0j	0.0+0.0j	0.0+0.0j	0.0+0.0j	0.0+0.0j	
0.0+0.0j	0.0+0.0j	0.0+0.0j	0.999993030341441+0.0j	0.0009627591745827001+0.0j	0.00016828440854039996+0.0j	-0.0015510114071635014+0.0j	-0.0020169951991220875+0.0j	-0.0007713254182753065+0.0j	0.0020828856200688986+0.0j	0.0012469252433673014+0.0j	0.0001005266080762457+0.0j	
0.0+0.0j	0.0+0.0j	0.0+0.0j	0.0009627945178740001+0.0j	0.772220473784242+0.0j	0.4013628865107325+0.0j	0.20669439702865028+0.0j	0.2768522229661659+0.0j	0.10590108337069801+0.0j	-0.28689074215157173+0.0j	-0.17175270830236494+0.0j	-0.013870619810676+0.0j	
0.0+0.0j	0.0+0.0j	0.0+0.0j	-0.0001682946131178998+0.0j	-0.4013623409660995+0.0j	0.9086994969881977+0.0j	-0.07220484967062174+0.0j	-0.05775498990297584+0.0j	-0.021960262591250404+0.0j	0.05517507491855134+0.0j	0.033026873886392+0.0j	0.0026418918271302015+0.0j	
0.0+0.0j	0.0+0.0j	0.0+0.0j	-0.0015509905775144012+0.0j	0.2066950622908737+0.0j	0.07220410670505267+0.0j	0.6539182480724812+0.0j	-0.4493998872040401+0.0j	-0.1718559965317051+0.0j	0.4639971013579255+0.0j	0.2777792968053228+0.0j	0.022423951501055195+0.0j	
0.0+0.0j	0.0+0.0j	0.0+0.0j	-0.0020169774909994005+0.0j	0.27685208106024173+0.0j	0.057753801196455706+0.0j	-0.44939966757769834+0.0j	0.41575336496948856+0.0j	-0.223426364591026+0.0j	0.6033089984437235+0.0j	0.3611803087640624+0.0j	0.02915710911775299+0.0j	
0.0+0.0j	0.0+0.0j	0.0+0.0j	-0.0007713375190136068+0.0j	0.10590148297503511+0.0j	0.021959899682521808+0.0j	-0.17185619873969782+0.0j	-0.2234248871186075+0.0j	0.9145583230148273+0.0j	0.23071598983088684+0.0j	0.13812201865964757+0.0j	0.011150234380984891+0.0j	
0.0+0.0j	0.0+0.0j	0.0+0.0j	0.0020828470760419944+0.0j	-0.2868910498868559+0.0j	-0.055173941004292903+0.0j	0.46399765132129034+0.0j	0.6033092209851483+0.0j	0.23071547180441002+0.0j	0.37699598339527235+0.0j	-0.3729705523023588+0.0j	-0.030109064994108925+0.0j	
0.0+0.0j	0.0+0.0j	0.0+0.0j	0.0012469544009754974+0.0j	-0.1717526499317085+0.0j	-0.033026146161308584+0.0j	0.2777789101208743+0.0j	0.3611802601395345+0.0j	0.13812102321942663+0.0j	-0.37297136690603727+0.0j	0.7767151905734454+0.0j	-0.018024927255102324+0.0j	
0.0+0.0j	0.0+0.0j	0.0+0.0j	0.00010080518787888848+0.0j	-0.013870549568687402+0.0j	-0.0026418169186448025+0.0j	0.022424004371036498+0.0j	0.029157041677070866+0.0j	0.01115009920264265+0.0j	-0.03010886194769763+0.0j	-0.01802546102791619+0.0j	0.9985448769268856+0.0j	

11.0
0.9999999954544576+0.0j	-3.0372702865272575e-05+0.0j	4.7264760387106565e-06+0.0j	2.1297253099999995e-08+0.0j	7.026353800000001e-09+0.0j	0.0+0.0j	-6.656091500000007e-09+0.0j	-7.345925899999999e-09+0.0j	-3.310624999999976e-10+0.0j	-7.573243699999996e-09+0.0j	-6.4164952000000025e-09+0.0j	4.865065330000001e-08+0.0j	
3.0372636063536124e-05+0.0j	1.0000000033900662+0.0j	6.415239976964582e-06+0.0j	1.5367509099999996e-08+0.0j	6.118817e-09+0.0j	0.0+0.0j	-3.98616373e-08+0.0j	1.73727105e-08+0.0j	4.34453732e-08+0.0j	7.509754310000001e-08+0.0j	-1.0594630060000001e-07+0.0j	1.272822634e-07+0.0j	
-4.723752000427087e-06+0.0j	-6.4108684081909395e-06+0.0j	0.9999999991368296+0.0j	1.772294177e-07+0.0j	-3.6318632e-09+0.0j	0.0+0.0j	1.402381765e-07+0.0j	-1.501473481e-07+0.0j	-3.7581776600000004e-08+0.0j	1.7334997000000018e-09+0.0j	-5.32372992e-08+0.0j	5.686773000000007e-09+0.0j	
-2.22409749e-08+0.0j	-2.9483076200000008e-08+0.0j	-1.5913729070000002e-07+0.0j	0.9999971889943854+0.0j	8.415541438129998e-05+0.0j	0.0019085877437415+0.0j	-0.000794120738951601+0.0j	-0.0010044345257508858+0.0j	-0.00040406129733999707+0.0j	0.001033871982900305+0.0j	0.0006420522709221083+0.0j	4.090345157442554e-05+0.0j	
-7.284577700000001e-09+0.0j	-5.8921930999999994e-09+0.0j	1.0170753200000005e-08+0.0j	5.622086787929995e-05+0.0j	0.9985294266133061+0.0j	-0.038076824363033335+0.0j	0.017235803346013046+0.0j	0.021447864971016167+0.0j	0.008269606946341344+0.0j	-0.02208825819912974+0.0j	-0.013219781118669394+0.0j	-0.0010365797547761983+0.0j	
1.4443345e-09+0.0j	-1.39093929e-08+0.0j	-1.4618377299999998e-08+0.0j	-0.0019005958799747+0.0j	0.040343613340160345+0.0j	0.046418589925870335+0.0j	-0.4425270186533376+0.0j	-0.5559638794347694+0.0j	-0.21377294489033027+0.0j	0.5725097746961219+0.0j	0.3421407959442211+0.0j	0.0275946973971188+0.0j	
9.6450719e-09+0.0j	4.020617780000001e-08+0.0j	-1.460442878e-07+0.0j	-0.000819231797831701+0.0j	0.015925035560343026+0.0j	0.4424432059736637+0.0j	0.8128915572452837+0.0j	-0.2351620482932273+0.0j	-0.09042814054077278+0.0j	0.24216129975363693+0.0j	0.1447044218959963+0.0j	0.011710059493664791+0.0j	
1.51523448e-08+0.0j	5.01734744e-08+0.0j	8.690420770000001e-08+0.0j	-0.0010229086134927942+0.0j	0.020248457560671312+0.0j	0.5564863326893779+0.0j	-0.2352324126341083+0.0j	0.7043307605161055+0.0j	-0.11173646587842585+0.0j	0.30446784491674866+0.0j	0.18188747215307416+0.0j	0.014705281720971575+0.0j	
-3.868085500000001e-09+0.0j	-4.4320565e-08+0.0j	4.0102369400000006e-08+0.0j	-0.0003722281028835095+0.0j	0.007712993874188209+0.0j	0.2127384441978593+0.0j	-0.08992610088345315+0.0j	-0.11497636590422317+0.0j	0.9565376131979276+0.0j	0.1163525893340954+0.0j	0.06959540062768609+0.0j	0.00554970014160433+0.0j	
2.3533943499999998e-08+0.0j	-2.621028499999996e-09+0.0j	-4.7340973300000007e-08+0.0j	0.0010469923130086989+0.0j	-0.020798606449764306+0.0j	-0.5723174096884245+0.0j	0.24195049144300296+0.0j	0.3040623783552179+0.0j	0.1169594462418726+0.0j	0.6868749010114148+0.0j	-0.1879448367075798+0.0j	-0.014972947425242605+0.0j	
3.5682207000000018e-09+0.0j	1.146997782e-07+0.0j	5.7541253899999986e-08+0.0j	0.000604438730539808+0.0j	-0.012438340055547392+0.0j	-0.3426213616717414+0.0j	0.14485271969105748+0.0j	0.18209869160095893+0.0j	0.06995701878066005+0.0j	-0.18663666485618624+0.0j	0.8879746064277336+0.0j	-0.009336002657144321+0.0j	
-3.80266506e-08+0.0j	-5.139478170000001e-08+0.0j	-6.86770839e-08+0.0j	5.595655841780789e-05+0.0j	-0.0010202069097282+0.0j	-0.0276506266606139+0.0j	0.011665667427066102+0.0j	0.014655471122622443+0.0j	0.005709632282979715+0.0j	-0.015248923339616166+0.0j	-0.008740773182275646+0.0j	0.9992707012615565+0.0j	

9.6
0.9999999830961186+0.0j	-0.00016694996737122133+0.0j	2.598433671215008e-05+0.0j	1.2765600499999998e-07+0.0j	2.1002238000000005e-08+0.0j	-7.026353800000001e-09+0.0j	-1.8501080000000017e-08+0.0j	-3.002284779999996e-08+0.0j	1.1888128800000035e-08+0.0j	-7.378683799999999e-08+0.0j	-2.7949672000000404e-09+0.0j	2.5633970790000006e-07+0.0j	
0.00016694778704586877+0.0j	0.9999999859825748+0.0j	3.6721032482811555e-05+0.0j	1.062392716e-07+0.0j	2.2139375199999998e-08+0.0j	-6.118817e-09+0.0j	-2.693843924e-07+0.0j	1.1647389700000004e-07+0.0j	2.97195383e-07+0.0j	4.574126089e-07+0.0j	-6.914257251e-07+0.0j	7.970474542e-07+0.0j	
-2.5982393108922933e-05+0.0j	-3.671121038290037e-05+0.0j	0.9999999993706848+0.0j	1.0317059444e-06+0.0j	-5.97390494e-08+0.0j	3.6318632e-09+0.0j	8.595287969999999e-07+0.0j	-9.081478150000001e-07+0.0j	-2.4725204980000003e-07+0.0j	-5.40449370000002e-09+0.0j	-3.4427119670000004e-07+0.0j	4.904397339999996e-08+0.0j	
-1.1976440419999999e-07+0.0j	-1.014193858e-07+0.0j	-1.0288129031e-06+0.0j	0.999999944926401+0.0j	0.00018553212092349992+0.0j	0.0016774063448857998+0.0j	0.00011566284506299863+0.0j	5.998979392559528e-05+0.0j	-0.00012449273619080659+0.0j	-8.299645363589112e-05+0.0j	0.00017646108088020113+0.0j	-5.001651440500465e-05+0.0j	
-2.8995589400000002e-08+0.0j	-1.2918590500000008e-08+0.0j	7.100537740000007e-08+0.0j	-0.0001606729212859001+0.0j	0.992819862112454+0.0j	-0.46939623830463917+0.0j	0.0019248347182455605+0.0j	-0.0005534467414336219+0.0j	0.0017829411035134995+0.0j	-0.000591211954286186+0.0j	0.000527476638792268+0.0j	0.0003271611669886003+0.0j	
6.041129399999999e-09+0.0j	1.3591919600000014e-08+0.0j	1.0477970299999984e-08+0.0j	3.810269436280004e-05+0.0j	0.018738089604408453+0.0j	0.1450291948204938+0.0j	-0.0005717233413936873+0.0j	-0.0014251474434310574+0.0j	0.0029068818762970905+0.0j	-0.0008221182994919696+0.0j	0.0015763266424212163+0.0j	6.529843351619873e-05+0.0j	
2.43837058e-08+0.0j	2.610199413e-07+0.0j	-8.695613132e-07+0.0j	-0.00011567552556459963+0.0j	0.0037769851292181883+0.0j	0.3676391423159569+0.0j	0.9999279612863052+0.0j	7.400131629668738e-05+0.0j	-0.001503762719794799+0.0j	0.0008001859108417997+0.0j	-0.0005264067270833173+0.0j	0.00026398024180969426+0.0j	
3.1030328999999996e-08+0.0j	-1.2828797689999994e-07+0.0j	9.036038791e-07+0.0j	-5.557095137260007e-05+0.0j	0.007395840623003025+0.0j	0.4941504576867899+0.0j	0.0004130526814830199+0.0j	1.000675324778026+0.0j	0.01263422909475792+0.0j	0.0004915194638900611+0.0j	-0.0012976630350036433+0.0j	0.00011075083501910221+0.0j	
-9.853240599999996e-09+0.0j	-2.94583616e-07+0.0j	2.2449649410000001e-07+0.0j	0.00011921209459360427+0.0j	0.0026293802330998317+0.0j	0.18907908293634731+0.0j	0.00018108944122513515+0.0j	-0.014059190023304163+0.0j	0.999237638171788+0.0j	-0.00011010408273851024+0.0j	-0.00012211665967584023+0.0j	-0.00048669155666697383+0.0j	
7.057274719999999e-08+0.0j	-4.6327206310000003e-07+0.0j	1.586152480000002e-08+0.0j	8.614760465439422e-05+0.0j	-0.00766892888456161+0.0j	-0.5123567101043304+0.0j	-0.0003288708935389739+0.0j	-0.0008038063349005697+0.0j	0.002090846677693048+0.0j	0.9994548132774561+0.0j	-0.005967589080609355+0.0j	0.0011076801336903086+0.0j	
-3.014526000000058e-10+0.0j	6.996157886999999e-07+0.0j	3.526076277e-07+0.0j	-0.0001790938027895969+0.0j	-0.004427984063394591+0.0j	-0.3067698532192552+0.0j	-6.787433796878739e-05+0.0j	-5.8986899882290666e-05+0.0j	0.0008633058760280227+0.0j	0.006567557377584118+0.0j	1.0005174742605853+0.0j	-0.0024263391132564316+0.0j	
-2.554292718e-07+0.0j	-7.948021793e-07+0.0j	-4.871526210000007e-08+0.0j	4.9381792766395316e-05+0.0j	-0.0006360550055073003+0.0j	-0.024699711083984+0.0j	-0.0003147768554804982+0.0j	-0.0002294079167862173+0.0j	0.0005411468140622544+0.0j	-0.0010391175177622558+0.0j	0.002523620769254664+0.0j	0.9999999230212091+0.0j	

8.79
0.9999999101381881+0.0j	-0.0004199342927095678+0.0j	6.148184852367271e-05+0.0j	2.7642272129999986e-07+0.0j	-6.976497400000001e-08+0.0j	2.796483500000001e-08+0.0j	-7.067822490000009e-08+0.0j	4.708079409999991e-08+0.0j	-7.0390500999999525e-09+0.0j	2.3295159449999989e-07+0.0j	9.891626089999996e-08+0.0j	-5.901119210000001e-07+0.0j	
0.00041992623159384387+0.0j	0.9999999097069756+0.0j	9.469823738289529e-05+0.0j	3.1846146780000005e-07+0.0j	-9.73711923e-08+0.0j	3.52753007e-08+0.0j	-6.992085046e-07+0.0j	-3.0650619750000003e-07+0.0j	9.592776371e-07+0.0j	-9.091885519e-07+0.0j	-9.525895455e-07+0.0j	-1.4915198369999999e-06+0.0j	
-6.152443043291574e-05+0.0j	-9.467707654503554e-05+0.0j	0.9999999911064356+0.0j	2.6407523046000004e-06+0.0j	2.791983139e-07+0.0j	-7.92061935e-08+0.0j	2.2922286122e-06+0.0j	2.4657731657e-06+0.0j	-5.726577201e-07+0.0j	5.434240805e-07+0.0j	5.689364899e-07+0.0j	8.886149240000001e-07+0.0j	
-3.717474065e-07+0.0j	-8.017898579e-07+0.0j	-2.2785826337e-06+0.0j	0.9761202850605006+0.0j	0.0012857495071456001+0.0j	-0.00013753987747209986+0.0j	-0.0004347412367320001+0.0j	-0.0500620127306198+0.0j	0.0015108522921362944+0.0j	-0.11668283706740581+0.0j	-6.172922886490961e-05+0.0j	-0.13559300222863074+0.0j	
1.539294907e-07+0.0j	-1.0285874021e-06+0.0j	-2.3697499615e-06+0.0j	-0.0007476646040774003+0.0j	0.2909227311421112+0.0j	0.12994203541524252+0.0j	0.6206764082319692+0.0j	0.2736698140919701+0.0j	0.3331000174833051+0.0j	-0.2753016488469935+0.0j	-0.5019847426982598+0.0j	-0.012384969880928302+0.0j	
-3.5478313300000004e-08+0.0j	2.1145112889999998e-07+0.0j	5.541496747e-07+0.0j	-7.165037577809997e-05+0.0j	0.32123759329970647+0.0j	0.9197106825797711+0.0j	-0.16184326963755502+0.0j	-0.063778973533125+0.0j	-0.07146930096520471+0.0j	0.06654546923085522+0.0j	0.10539275642483778+0.0j	0.0014800896251790999+0.0j	
9.872663199999994e-09+0.0j	1.0140100245e-06+0.0j	-1.3227753152999998e-06+0.0j	-0.0013604544311597005+0.0j	-0.5874781730996361+0.0j	0.2568148367606508+0.0j	0.4901537742239705+0.0j	0.1866737617181243+0.0j	-0.2772510735992322+0.0j	-0.24305080863769585+0.0j	0.4034442699193336+0.0j	-0.012263838061013596+0.0j	
2.772715447e-07+0.0j	1.4285767547e-06+0.0j	-8.721975863e-07+0.0j	0.1231931254988182+0.0j	0.2428025676448988+0.0j	-0.09848032504373144+0.0j	-0.23806896508614522+0.0j	0.7013434309288376+0.0j	-0.10572355340709505+0.0j	-0.3012499728043313+0.0j	0.18118841720433781+0.0j	0.6743803109869019+0.0j	
1.806544508e-07+0.0j	-5.821599273000001e-07+0.0j	1.234870372e-06+0.0j	-0.0035069871872108194+0.0j	-0.33210506067102263+0.0j	0.1279788901549743+0.0j	-0.2649886982203481+0.0j	-0.2205679471508928+0.0j	0.8552814452114896+0.0j	-0.11822090249991432+0.0j	0.21117572039105056+0.0j	-0.022959670472891935+0.0j	
1.571077495e-07+0.0j	1.5389641694e-06+0.0j	1.3286061699999873e-08+0.0j	0.11699569663396811+0.0j	-0.26822957395874725+0.0j	0.11102355026430222+0.0j	0.23782876478383716+0.0j	-0.09120396352345095+0.0j	0.12648160407236395+0.0j	0.4857528528340046+0.0j	-0.19041177166156362+0.0j	0.6871794184537965+0.0j	
1.53862355e-07+0.0j	1.7056846738000002e-06+0.0j	1.357333358e-07+0.0j	0.000666755921151195+0.0j	0.47512579833646107+0.0j	-0.1813453583711973+0.0j	0.4058780893724866+0.0j	-0.4512754206818522+0.0j	0.21993344723010433+0.0j	0.1802475739178055+0.0j	0.6785583042018052+0.0j	0.019063473707665812+0.0j	
-1.462237641e-07+0.0j	6.209672658000001e-07+0.0j	-2.1987943088e-06+0.0j	0.13527374304961637+0.0j	-0.0097702889673228+0.0j	0.0020499980199695997+0.0j	0.013274963858953891+0.0j	0.3419636541059843+0.0j	-0.0037320429328004945+0.0j	0.6884180243283456+0.0j	0.0037369303213641014+0.0j	-0.23111391525094976+0.0j	

8.22
0.9999996692017648+0.0j	-0.0008022543631692092+0.0j	0.00011743073228292177+0.0j	4.317520297e-07+0.0j	-1.0387584610000004e-07+0.0j	1.1109347030000001e-07+0.0j	-1.5635244280000047e-07+0.0j	-3.7058950699999646e-08+0.0j	7.713347119999971e-08+0.0j	-5.528046347999998e-07+0.0j	4.465410451999999e-07+0.0j	9.413434881000001e-07+0.0j	
0.000802228140016652+0.0j	0.9999996691744139+0.0j	0.00017671083704018375+0.0j	7.069880369000002e-07+0.0j	-2.286449983e-07+0.0j	2.1371248980000002e-07+0.0j	-1.3021638314e-06+0.0j	5.52129397e-07+0.0j	-1.7033064156999998e-06+0.0j	2.2677672326000003e-06+0.0j	-3.6227943948e-06+0.0j	4.1577808901e-06+0.0j	
-0.00011757210382495431+0.0j	-0.0001766151465487087+0.0j	0.9999999736892556+0.0j	4.8899343523e-06+0.0j	6.253249311e-07+0.0j	-5.814509516000001e-07+0.0j	4.387199916200001e-06+0.0j	-4.813510111200001e-06+0.0j	1.9603565103e-06+0.0j	-1.6744800460000007e-07+0.0j	-1.9355520980000002e-06+0.0j	4.556649623000001e-07+0.0j	
-5.584342175e-07+0.0j	-1.1668524044000002e-06+0.0j	-5.546093469e-06+0.0j	0.9715198664025128+0.0j	-0.0007543747814849998+0.0j	-0.0020101358053353+0.0j	-0.014239557085691402+0.0j	-0.06750338554505099+0.0j	0.1357930838674953+0.0j	-0.07762259847384811+0.0j	-0.101801251902123+0.0j	0.12867216609794133+0.0j	
3.3763560870000005e-07+0.0j	-1.01983768e-06+0.0j	-2.8721777405000005e-06+0.0j	-0.0005309260946021001+0.0j	0.803089586988124+0.0j	0.12278523980852493+0.0j	0.11719241155585089+0.0j	-0.38399091173704397+0.0j	-0.05634037269138208+0.0j	0.3981230144284308+0.0j	-0.1293574224968372+0.0j	0.0194428589160886+0.0j	
-2.784770444e-07+0.0j	1.6101178152000001e-06+0.0j	3.0722093382000003e-06+0.0j	0.0022655416307922997+0.0j	0.5937290615175617+0.0j	-0.10127604020097863+0.0j	-0.20393750115273707+0.0j	0.5239626183544881+0.0j	0.05847529154421709+0.0j	-0.5418610167710256+0.0j	0.15193820205474848+0.0j	-0.031282085169687696+0.0j	
-3.8765459019999997e-07+0.0j	3.1526072291e-06+0.0j	-6.703371540000026e-08+0.0j	-0.0159205922170105+0.0j	0.007442467569144989+0.0j	0.238337576405372+0.0j	-0.023244727037513235+0.0j	-0.12482256649458474+0.0j	0.608749114297201+0.0j	0.11911822233287728+0.0j	0.7332881959429577+0.0j	0.0654915218539026+0.0j	
5.11939569999999e-09+0.0j	-2.6972209348e-06+0.0j	7.430814212000001e-07+0.0j	-0.07895611152096288+0.0j	0.022348887393214528+0.0j	-0.6364077134341501+0.0j	-0.1906574503452452+0.0j	0.23434861640103194+0.0j	0.3883303017325874+0.0j	0.40981559736098455+0.0j	-0.1841245183142145+0.0j	0.3799092812510432+0.0j	
-7.423702314e-07+0.0j	-2.5912254975000005e-06+0.0j	1.1022264442e-06+0.0j	-0.1279186507767557+0.0j	-0.021078245764946074+0.0j	0.14292980084528056+0.0j	-0.5945698482697614+0.0j	-0.4207001256017919+0.0j	-0.10793050683765643+0.0j	-0.29331872511743673+0.0j	-0.05366930758300263+0.0j	0.575930925494071+0.0j	
-8.103294300000001e-08+0.0j	-2.8365317695e-06+0.0j	1.1187930978e-06+0.0j	-0.07253084510915392+0.0j	-0.026348964455337298+0.0j	0.6775362981105784+0.0j	0.09517739047952084+0.0j	0.44230017263530097+0.0j	0.24281051513051907+0.0j	0.13359774485453907+0.0j	-0.39443876316464677+0.0j	0.31291235941474016+0.0j	
-4.946257936e-07+0.0j	2.4325281040000007e-07+0.0j	-4.0929054576e-06+0.0j	-0.1086789878450381+0.0j	0.02890724754409532+0.0j	-0.18043127442030282+0.0j	0.734394312902042+0.0j	-0.16832720715992838+0.0j	0.09187340824429298+0.0j	-0.39281742041650924+0.0j	-0.004145317725223141+0.0j	0.47367216165948756+0.0j	
-4.261069042e-07+0.0j	-2.0017341719e-06+0.0j	2.5635974396e-06+0.0j	0.12736232011363685+0.0j	0.0018169906186020993+0.0j	0.028346625588631803+0.0j	0.0753328901661911+0.0j	0.3193828517459357+0.0j	-0.6120000584398602+0.0j	0.31864038924264404+0.0j	0.46874833449711406+0.0j	0.42366351553947+0.0j	

7.77
0.999999260554643+0.0j	-0.0011992159718716543+0.0j	0.00017886900069746543+0.0j	5.010269829e-07+0.0j	6.864269670000007e-08+0.0j	-2.407402870000001e-07+0.0j	-2.757280707000002e-07+0.0j	7.154136850000036e-08+0.0j	2.1544644489999985e-07+0.0j	-1.0497999335999998e-06+0.0j	1.2033876171e-06+0.0j	1.1425826480000005e-06+0.0j	
0.0011991622373384585+0.0j	0.9999992433706573+0.0j	0.0002974037592962664+0.0j	1.3442105428999997e-06+0.0j	2.1855349889999997e-07+0.0j	-7.097461092e-07+0.0j	-2.0604332315999998e-06+0.0j	7.528929275999995e-07+0.0j	-3.0059302100000004e-06+0.0j	3.5735647244999996e-06+0.0j	-5.9749561305000004e-06+0.0j	6.9125866649e-06+0.0j	
-0.0001792220554294884+0.0j	-0.0002971863529245833+0.0j	0.9999999420024279+0.0j	7.5843634979e-06+0.0j	-5.728198191e-07+0.0j	1.8903979846e-06+0.0j	7.0639286874e-06+0.0j	-7.844599009000001e-06+0.0j	4.1359117800000005e-06+0.0j	-4.709090222999997e-07+0.0j	-3.2777214087000004e-06+0.0j	9.430538954999998e-07+0.0j	
-6.464737217e-07+0.0j	-2.0526958795000004e-06+0.0j	-8.775152879200002e-06+0.0j	0.9715655413082973+0.0j	-0.0009944441944505+0.0j	3.8921725125400184e-05+0.0j	-0.0136717123733709+0.0j	-0.05654131270841651+0.0j	0.140566382949383+0.0j	-0.08184975330622421+0.0j	-0.09707432380940871+0.0j	0.1295911229390852+0.0j	
7.316219104000001e-07+0.0j	-1.4933405509000001e-06+0.0j	-4.845181715199999e-06+0.0j	0.0010068567781364001+0.0j	0.497863969989087+0.0j	0.7183086831445256+0.0j	0.29110939133151814+0.0j	-0.19462974690892193+0.0j	-0.1405533588539212+0.0j	0.17171089980252938+0.0j	-0.25323320544084527+0.0j	0.013067126999343297+0.0j	
-6.899758849000001e-07+0.0j	2.4544920466999996e-06+0.0j	4.4391051619999994e-06+0.0j	7.781167595660005e-05+0.0j	0.319296064189796+0.0j	0.25783156447572+0.0j	-0.6667712555442628+0.0j	-0.02996722074187061+0.0j	0.3480141532853762+0.0j	0.11688308517111634+0.0j	0.5012171321211173+0.0j	-0.009841161449894201+0.0j	
-9.734493395999998e-07+0.0j	5.5355811628e-06+0.0j	2.791344425999998e-07+0.0j	-0.014902816439129201+0.0j	0.12159167721415207+0.0j	0.18009257835960407+0.0j	0.45723381154666654+0.0j	0.4877726687760028+0.0j	0.28387787841537215+0.0j	-0.5199085428224564+0.0j	0.3920697907726399+0.0j	0.031061445218298196+0.0j	
2.079498434e-07+0.0j	-4.2329567653e-06+0.0j	9.134449190999994e-07+0.0j	-0.07780130664468388+0.0j	-0.5397297987207978+0.0j	0.4179183414985073+0.0j	-0.11159509546562471+0.0j	0.3772897377286498+0.0j	0.30087377679093824+0.0j	0.26687318879308547+0.0j	-0.26074318654743356+0.0j	0.37874610561780153+0.0j	
-1.0251571721e-06+0.0j	-4.0175235274e-06+0.0j	1.7843530463999996e-06+0.0j	-0.12633742433233852+0.0j	0.08441167904973801+0.0j	0.06412262806601028+0.0j	-0.34279437109328925+0.0j	-0.1310667278249733+0.0j	-0.25170670106258175+0.0j	-0.6446286604301457+0.0j	-0.21451237652223812+0.0j	0.55964042494733+0.0j	
1.0310370810000004e-07+0.0j	-4.8546767367000005e-06+0.0j	1.9177231206999998e-06+0.0j	-0.0732520272695596+0.0j	0.5727744561149587+0.0j	-0.4395105181662408+0.0j	0.021354559094818537+0.0j	0.3499190567636146+0.0j	0.2709059464825282+0.0j	0.24984875169897935+0.0j	-0.32941852135576+0.0j	0.32582772268648885+0.0j	
-6.663461255e-07+0.0j	1.8829695129999918e-07+0.0j	-7.273951887700001e-06+0.0j	-0.1107595359087758+0.0j	-0.0918655378466656+0.0j	-0.113464712602916+0.0j	0.35530166135901886+0.0j	-0.6069483723454926+0.0j	0.36619380724860295+0.0j	0.12559047215186786+0.0j	0.2794231958005425+0.0j	0.4938066617134829+0.0j	
-6.172462062999999e-07+0.0j	-3.4372841343e-06+0.0j	4.5752703498000006e-06+0.0j	0.12723822347551084+0.0j	0.021272504892393795+0.0j	-0.017635215954291704+0.0j	0.0690289472004816+0.0j	0.264095463264685+0.0j	-0.6304094956221242+0.0j	0.3389463966876104+0.0j	0.4700167355988537+0.0j	0.41871109687021296+0.0j	

7.31
0.9999984444085283+0.0j	-0.0017419619281815806+0.0j	0.00026254605416159166+0.0j	3.409777173999997e-07+0.0j	-4.7410776600000045e-08+0.0j	-4.010796656000003e-07+0.0j	-5.262898046000009e-07+0.0j	4.636266050000007e-07+0.0j	5.128316371999994e-07+0.0j	-1.9602345518999996e-06+0.0j	3.0121389952999996e-06+0.0j	8.388075114999999e-07+0.0j	
0.0017418304985149808+0.0j	0.9999983644020791+0.0j	0.0004918986263253156+0.0j	2.5801643519999997e-06+0.0j	-2.1935691129999995e-07+0.0j	-1.6992577322e-06+0.0j	-3.0915897565e-06+0.0j	6.71565038799999e-07+0.0j	-6.914094584899999e-06+0.0j	5.261454210200001e-06+0.0j	-7.6993204355e-06+0.0j	9.7642364844e-06+0.0j	
-0.00026340659770162527+0.0j	-0.0004914401905892207+0.0j	0.9999998382223659+0.0j	1.1201793849800002e-05+0.0j	5.850083423000001e-07+0.0j	4.4837660592e-06+0.0j	1.10095636051e-05+0.0j	-1.2069069959200002e-05+0.0j	6.4697526563e-06+0.0j	-1.4811752716e-06+0.0j	-2.2430300485000003e-06+0.0j	-7.601237109999999e-07+0.0j	
-4.1096771799999996e-07+0.0j	-3.6243867514000006e-06+0.0j	-1.3385733855099999e-05+0.0j	0.9716389915767205+0.0j	-0.0020466404718259+0.0j	-0.0013764796011339004+0.0j	-0.0134960903454107+0.0j	-0.037378887951408486+0.0j	0.14567393235685988+0.0j	-0.08557617526309069+0.0j	-0.08600474504664402+0.0j	0.12982512266811744+0.0j	
1.5986155943e-06+0.0j	-2.2653348098000003e-06+0.0j	-8.7052466305e-06+0.0j	0.001733578140385+0.0j	0.7120293400274721+0.0j	0.39464177435529396+0.0j	0.09852980308126755+0.0j	-0.3877105753191551+0.0j	0.026155116198612396+0.0j	0.38999546595199763+0.0j	-0.15322221786259982+0.0j	0.0268275699290959+0.0j	
-1.7038556728999999e-06+0.0j	4.815774728299999e-06+0.0j	7.3253493252e-06+0.0j	0.0020444577053443996+0.0j	0.4091755761439559+0.0j	0.43715742524052226+0.0j	-0.2121960381478845+0.0j	0.5275448737877726+0.0j	-0.04917893764727914+0.0j	-0.5290156186834928+0.0j	0.18778709348766828+0.0j	-0.0457350037633585+0.0j	
-1.3079638884e-06+0.0j	2.4744360076999997e-06+0.0j	4.4071708773e-06+0.0j	-0.015834223002153702+0.0j	0.13405575481259294+0.0j	-0.2169443793674732+0.0j	-0.019563015587565735+0.0j	-0.08830380608358993+0.0j	0.6250563629968071+0.0j	0.15352988806872847+0.0j	0.7238628626834651+0.0j	0.05071163767852051+0.0j	
8.116648297e-07+0.0j	-6.539364835499999e-06+0.0j	3.350676376000015e-07+0.0j	-0.07702476490493021+0.0j	-0.3700395240376537+0.0j	0.5126868287884869+0.0j	-0.20996329571454997+0.0j	0.310342537632123+0.0j	0.3903262045542434+0.0j	0.401361463255664+0.0j	-0.18638062397688268+0.0j	0.383903611669657+0.0j	
-1.8825594840999998e-06+0.0j	-1.976807709e-06+0.0j	-1.5311313141000004e-06+0.0j	-0.1290381341014975+0.0j	0.0818203505515866+0.0j	-0.1220203819555997+0.0j	-0.5962953302734155+0.0j	-0.3597266887262073+0.0j	-0.06074684541958586+0.0j	-0.3022570256241807+0.0j	-0.026042387129284278+0.0j	0.5741336987394476+0.0j	
6.736595054999999e-07+0.0j	-7.9924470134e-06+0.0j	3.5357552469999996e-06+0.0j	-0.07336823302566861+0.0j	0.39241450489893653+0.0j	-0.5473686509394373+0.0j	0.11248238416937671+0.0j	0.4809046039921712+0.0j	0.20000810600262617+0.0j	0.10974214168271383+0.0j	-0.38190141500832964+0.0j	0.32609929309844726+0.0j	
-5.460199629999992e-08+0.0j	-3.9393026884e-06+0.0j	-8.158881485300001e-06+0.0j	-0.1073204301344291+0.0j	-0.0981432460413462+0.0j	0.1658507924538928+0.0j	0.7293583099687148+0.0j	-0.22802669492090427+0.0j	0.1104073070818756+0.0j	-0.413669319399806+0.0j	0.033152975584807176+0.0j	0.4823882326176052+0.0j	
-8.242035742999999e-07+0.0j	-5.9105059668e-06+0.0j	8.3049842411e-06+0.0j	0.12710303567713271+0.0j	0.018941104023382303+0.0j	-0.016917705151593704+0.0j	0.0759119141445815+0.0j	0.18438684955077966+0.0j	-0.6488320435072603+0.0j	0.33938767197885167+0.0j	0.45146329943892266+0.0j	0.41399977821268197+0.0j	

7.1
0.9999978969452902+0.0j	-0.0020274734884838243+0.0j	0.0003063923875116152+0.0j	6.823284949999953e-08+0.0j	-4.0256909200000025e-08+0.0j	-4.999555600000009e-07+0.0j	-6.901817688000012e-07+0.0j	8.455102181000008e-07+0.0j	6.895086919999995e-07+0.0j	-2.5333914914999996e-06+0.0j	4.4477681106e-06+0.0j	2.604826617000003e-07+0.0j	
0.0020272821607992043+0.0j	0.999997755352126+0.0j	0.0006134458742885762+0.0j	3.4680291631000004e-06+0.0j	-2.272723113e-07+0.0j	-2.4571748098999996e-06+0.0j	-3.615345029200001e-06+0.0j	3.457114302999997e-07+0.0j	-9.7908838261e-06+0.0j	6.2776504578e-06+0.0j	-8.6854435482e-06+0.0j	1.14847125162e-05+0.0j	
-0.00030763188188022623+0.0j	-0.0006128191849104625+0.0j	0.9999997570574433+0.0j	1.30235255261e-05+0.0j	6.130470409000001e-07+0.0j	6.4848620651e-06+0.0j	1.3196780969e-05+0.0j	-1.41095072413e-05+0.0j	8.1875619771e-06+0.0j	-2.0894813712e-06+0.0j	-1.6501301772000003e-06+0.0j	-1.7888620608000005e-06+0.0j	
-1.0577058380000006e-07+0.0j	-4.6872886032e-06+0.0j	-1.58905425667e-05+0.0j	0.9716560081051482+0.0j	-0.0020791787863464+0.0j	-0.0021956039315264007+0.0j	-0.0132721787339521+0.0j	-0.028877100828360883+0.0j	0.14796561977008177+0.0j	-0.0879077009193151+0.0j	-0.07880987027660652+0.0j	0.12981927629593734+0.0j	
2.2735952063999998e-06+0.0j	-2.7724150786000002e-06+0.0j	-1.10491756857e-05+0.0j	0.002783115598470101+0.0j	0.7013194695375644+0.0j	0.40664748801845263+0.0j	0.08997124027120881+0.0j	-0.3786968190459111+0.0j	0.06727155666706104+0.0j	0.3884406182857504+0.0j	-0.1642919792269931+0.0j	0.029612384595621405+0.0j	
-2.4830608180000004e-06+0.0j	6.0052638023e-06+0.0j	8.7210673692e-06+0.0j	0.0020001781639777997+0.0j	0.39855060566339817+0.0j	0.4283299286200203+0.0j	-0.21611961936008514+0.0j	0.5363798453351523+0.0j	-0.07623772895332266+0.0j	-0.5212413858619124+0.0j	0.1930200539008642+0.0j	-0.05295264107027439+0.0j	
-3.2594435859e-06+0.0j	1.05735990135e-05+0.0j	-2.932150149999991e-07+0.0j	-0.020344712074089402+0.0j	0.15469390430614088+0.0j	-0.1812075872342828+0.0j	-0.0213202932133032+0.0j	0.058294785000257275+0.0j	0.6204648726530371+0.0j	0.15967159763334948+0.0j	0.7228425977911467+0.0j	0.04622245760804561+0.0j	
1.2617946929e-06+0.0j	-8.0125285493e-06+0.0j	-7.095687980000039e-08+0.0j	-0.07615754036500501+0.0j	-0.3865792320218357+0.0j	0.5089399099575258+0.0j	-0.2191991744619073+0.0j	0.3152007448895874+0.0j	0.3921674698058867+0.0j	0.3989317644060353+0.0j	-0.1794026910338452+0.0j	0.3840328649171087+0.0j	
-8.648010328000001e-07+0.0j	-7.7269418724e-06+0.0j	1.8826476772999988e-06+0.0j	-0.1259893824962312+0.0j	0.07290195252958755+0.0j	-0.1447350741586237+0.0j	-0.5932091770843078+0.0j	-0.4162585192537467+0.0j	-0.058151310732952155+0.0j	-0.3048069741920285+0.0j	-0.01723036460585592+0.0j	0.5745003865195624+0.0j	
1.1063370497e-06+0.0j	-1.0219143404e-05+0.0j	4.665819356999999e-06+0.0j	-0.0737372769165838+0.0j	0.40948251004143627+0.0j	-0.543064272326445+0.0j	0.12031009351503852+0.0j	0.48592915927904534+0.0j	0.20438393627549656+0.0j	0.10514522408436043+0.0j	-0.3773906634867006+0.0j	0.3292826269513638+0.0j	
-5.631516929999995e-07+0.0j	1.0736901776000007e-06+0.0j	-1.49759732605e-05+0.0j	-0.1101959339538802+0.0j	-0.08928715887909489+0.0j	0.18874849084608752+0.0j	0.7242821223849258+0.0j	-0.1225529498596011+0.0j	0.11931446766426379+0.0j	-0.4240459171213796+0.0j	0.04303844553115027+0.0j	0.4884995791144312+0.0j	
-6.585481762999999e-07+0.0j	-7.3838539828000005e-06+0.0j	1.07684463218e-05+0.0j	0.12708529066869723+0.0j	0.0197130363320848+0.0j	-0.015906210795135503+0.0j	0.0767443530104839+0.0j	0.1477595553488715+0.0j	-0.6539480891237404+0.0j	0.3451147194436187+0.0j	0.4426390859483642+0.0j	0.41115847680503437+0.0j	

6.83
0.9999970380622881+0.0j	-0.002405699994060326+0.0j	0.0003641504472595876+0.0j	-6.047770397000005e-07+0.0j	4.711733770000005e-08+0.0j	-6.630226655000002e-07+0.0j	-9.800317422000009e-07+0.0j	-1.6482056668000003e-06+0.0j	8.992291064999979e-07+0.0j	-3.4138796283999997e-06+0.0j	7.139244496199999e-06+0.0j	-1.3314270150999987e-06+0.0j	
0.002405400086397669+0.0j	0.9999967826727999+0.0j	0.0008083695296990379+0.0j	5.057155391e-06+0.0j	2.4931680740000006e-07+0.0j	-3.9048891357999995e-06+0.0j	-4.212623755899999e-06+0.0j	5.554085696000007e-07+0.0j	-1.5444066128400004e-05+0.0j	7.670578915000001e-06+0.0j	-8.890609047e-06+0.0j	1.3225760415700001e-05+0.0j	
-0.0003660868420901134+0.0j	-0.000807486453870021+0.0j	0.9999996003174685+0.0j	1.5252344834200002e-05+0.0j	-6.727711958e-07+0.0j	1.0283444987799998e-05+0.0j	1.61728765721e-05+0.0j	1.63876123158e-05+0.0j	1.0165274601599999e-05+0.0j	-3.4010799952e-06+0.0j	1.2288039959999992e-06+0.0j	-4.9641377569e-06+0.0j	
1.073801753e-06+0.0j	-7.681816551700001e-06+0.0j	-1.8403528216000002e-05+0.0j	0.9718707123724594+0.0j	-0.0008073103545478999+0.0j	-0.0037038089455206005+0.0j	-0.0124290267936524+0.0j	-0.111737260231065+0.0j	0.1489884393826394+0.0j	-0.0896925340904331+0.0j	-0.06544447762888211+0.0j	0.12881638207244342+0.0j	
3.5040564771000003e-06+0.0j	-3.0567397969000003e-06+0.0j	-1.47311530992e-05+0.0j	0.005198305963458901+0.0j	0.6323602872810439+0.0j	0.6214154013774781+0.0j	0.24972095194822788+0.0j	0.2367857670296597+0.0j	-0.2453813359142894+0.0j	-0.1322216762003954+0.0j	-0.38356368903221294+0.0j	0.020492390792189296+0.0j	
-3.992374813599999e-06+0.0j	7.557497254700001e-06+0.0j	9.8348210845e-06+0.0j	-0.00028062352638199965+0.0j	0.36570468111874743+0.0j	0.13878674327852447+0.0j	-0.6809347569217472+0.0j	-0.10058042727130442+0.0j	-0.028726153060939563+0.0j	-0.38644565809650927+0.0j	0.24816948109968784+0.0j	-0.0620555518426129+0.0j	
-5.203291707699999e-06+0.0j	1.4326167343e-05+0.0j	4.206330375999968e-07+0.0j	-0.020463682900041802+0.0j	0.15499179852571174+0.0j	0.18046455349002366+0.0j	0.45532606850681656+0.0j	-0.5538710580038673+0.0j	0.2904997879227532+0.0j	-0.2922778990874331+0.0j	0.5441113313089093+0.0j	0.030292735022380793+0.0j	
1.2026552811000001e-06+0.0j	-3.1601091194999987e-06+0.0j	-6.3187134683e-06+0.0j	-0.07471777914007059+0.0j	-0.4441903364962356+0.0j	0.5092142912422889+0.0j	-0.1454047130005807+0.0j	0.16864399804279867+0.0j	0.5558847033949984+0.0j	0.5819524536559313+0.0j	-0.08800231248249438+0.0j	0.3843766957249606+0.0j	
-6.644431151999999e-07+0.0j	-9.606777524700002e-06+0.0j	2.1619593725999986e-06+0.0j	-0.12407150871097461+0.0j	0.09536684682876366+0.0j	0.03489042928949958+0.0j	-0.34411738585348917+0.0j	0.19322128016968196+0.0j	-0.24645654144601725+0.0j	-0.5423560639941067+0.0j	-0.10601262425195974+0.0j	0.5711808137406543+0.0j	
1.2615074563000003e-06+0.0j	-7.7322832398e-06+0.0j	1.6956157197999996e-06+0.0j	-0.0751582209174291+0.0j	0.4721249944501813+0.0j	-0.5439069705622237+0.0j	0.05599052551294914+0.0j	0.1457132245108204+0.0j	0.09777565625572826+0.0j	-0.09637474949716024+0.0j	-0.43937712905765275+0.0j	0.3247117445703792+0.0j	
-4.943678567999999e-07+0.0j	9.452100894000007e-07+0.0j	-2.07073340424e-05+0.0j	-0.1128056339354512+0.0j	-0.11297081636306933+0.0j	-0.07308605855613938+0.0j	0.3444339778921742+0.0j	0.4575651678081004+0.0j	0.36371458079547736+0.0j	-0.11206670822859852+0.0j	0.18629925839042782+0.0j	0.5141137658508319+0.0j	
-2.2258866821e-06+0.0j	-3.1349333462999995e-06+0.0j	9.903440413699999e-06+0.0j	0.12607195029396118+0.0j	0.017122704797848498+0.0j	-0.0165657819732472+0.0j	0.07167728083339091+0.0j	0.6251175239399566+0.0j	-0.6483005781224148+0.0j	0.3436006474626927+0.0j	0.4219770381341731+0.0j	0.40922331038336507+0.0j	

6.6
0.9999962536963223+0.0j	-0.002704175670195575+0.0j	0.00040927755941529793+0.0j	-1.6411646074999998e-06+0.0j	3.9835956700000005e-08+0.0j	-8.228365980000007e-07+0.0j	-1.3077926506000007e-06+0.0j	-2.7231535983e-06+0.0j	1.0136016943999998e-06+0.0j	-4.265250910399999e-06+0.0j	1.0399410361199999e-05+0.0j	-3.932950013999999e-06+0.0j	
0.002703762285261708+0.0j	0.999995833221575+0.0j	0.0010151368330614807+0.0j	6.934949583400001e-06+0.0j	2.712664244e-07+0.0j	-5.687287965199999e-06+0.0j	-4.5252754250000015e-06+0.0j	1.8393241118999998e-06+0.0j	-2.1529435629600003e-05+0.0j	8.8481747392e-06+0.0j	-8.3455725236e-06+0.0j	1.4636711745200002e-05+0.0j	
-0.00041201024956398534+0.0j	-0.0010140209993038662+0.0j	0.9999993939080811+0.0j	1.67138132016e-05+0.0j	-7.324804562e-07+0.0j	1.503883285e-05+0.0j	1.8536395489399998e-05+0.0j	1.7737630027500002e-05+0.0j	1.28549022574e-05+0.0j	-5.294472452400001e-06+0.0j	5.0125526272e-06+0.0j	-8.748935557e-06+0.0j	
2.1625182416e-06+0.0j	-8.424482673200002e-06+0.0j	-2.22561540441e-05+0.0j	0.971834147316793+0.0j	-0.0008141434229497+0.0j	-0.006297822249334801+0.0j	-0.011053127093029002+0.0j	-0.010527472045914213+0.0j	0.0547710853599939+0.0j	-0.165299434899805+0.0j	-0.04944786238433911+0.0j	0.25235668743665124+0.0j	
5.0051815024e-06+0.0j	-3.428279479e-06+0.0j	-1.90328586552e-05+0.0j	0.007113607931720801+0.0j	0.6400709190500945+0.0j	0.6218293983434208+0.0j	0.22792278127306112+0.0j	0.24231043321302215+0.0j	-0.1822511230715997+0.0j	0.13177906303472167+0.0j	-0.23693298877637647+0.0j	0.0416628528077704+0.0j	
-5.9383309894e-06+0.0j	9.9131963625e-06+0.0j	1.1328398766900001e-05+0.0j	-0.0004535427502528999+0.0j	0.36775430127386427+0.0j	0.10852529226207719+0.0j	-0.6862023423845139+0.0j	-0.13728267699653923+0.0j	0.01739706092131829+0.0j	0.15671982509211013+0.0j	0.5298033534873638+0.0j	-0.054133991231732+0.0j	
-7.576628593799999e-06+0.0j	1.764060127e-05+0.0j	3.6046295040000013e-07+0.0j	-0.0229832266357108+0.0j	0.1570929083484431+0.0j	0.1933022234542912+0.0j	0.4532540209601673+0.0j	-0.5620181868606726+0.0j	-0.39938103418238696+0.0j	-0.4943519071443285+0.0j	0.4346562597571799+0.0j	-0.0483478976511924+0.0j	
3.9797129158e-06+0.0j	-1.1479977398399997e-05+0.0j	-3.162988825800002e-06+0.0j	-0.07237779871986269+0.0j	-0.43763976588410003+0.0j	0.5133897457424673+0.0j	-0.16567242235594382+0.0j	-0.463352225489678+0.0j	0.05473944845945866+0.0j	0.07329261452070224+0.0j	-0.2518369586524082+0.0j	0.6988109702550138+0.0j	
6.90696493999999e-08+0.0j	-1.1127741279300001e-05+0.0j	1.1842329993999973e-06+0.0j	-0.1230744572092306+0.0j	0.09571635624076108+0.0j	0.027234158696236726+0.0j	-0.3449498968960851+0.0j	0.2302933579394311+0.0j	0.8286792676438441+0.0j	-0.3071279788289969+0.0j	-0.15224413407468246+0.0j	-0.022776613463052098+0.0j	
4.033371279e-06+0.0j	-1.7377592805599998e-05+0.0j	8.223269703600001e-06+0.0j	-0.07517716165894621+0.0j	0.4652240476339399+0.0j	-0.544006351180532+0.0j	0.07151329121277347+0.0j	-0.4216240460326711+0.0j	-0.36095028107376315+0.0j	-0.0034484375292236358+0.0j	-0.2627039741204148+0.0j	0.7030063657348078+0.0j	
3.840422939999978e-08+0.0j	1.3276018142000004e-06+0.0j	-2.6360057463400003e-05+0.0j	-0.1137136161752943+0.0j	-0.11391680658782508+0.0j	-0.0616454091292185+0.0j	0.3395025670907206+0.0j	0.3998873168841273+0.0j	0.34029061163709173+0.0j	0.33250565606016597+0.0j	0.2888664989347127+0.0j	0.06577182392792374+0.0j	
-6.815806448000002e-07+0.0j	-1.31730383833e-05+0.0j	2.0539375347300002e-05+0.0j	0.12645585003653292+0.0j	0.0169265172843454+0.0j	-0.009552761886470598+0.0j	0.0692982480364458+0.0j	0.03250901327070368+0.0j	-0.2547196427231517+0.0j	0.6878603704410324+0.0j	0.39763251801754596+0.0j	-0.1566830038159286+0.0j	

6.39
0.9999956550778187+0.0j	-0.0029149802427901007+0.0j	0.0004404340403804069+0.0j	-3.1338386638999997e-06+0.0j	3.9670031400000004e-08+0.0j	-1.0067115578999997e-06+0.0j	-1.6889444082000016e-06+0.0j	-4.126385063e-06+0.0j	9.33628975199999e-07+0.0j	-5.068596828599999e-06+0.0j	1.43455916657e-05+0.0j	-8.007147056899997e-06+0.0j	
0.002914434896599601+0.0j	0.9999949790331253+0.0j	0.001239495959755199+0.0j	9.2269512304e-06+0.0j	2.871921034999999e-07+0.0j	-7.906583499499998e-06+0.0j	-4.394441622100001e-06+0.0j	3.4559871808000007e-06+0.0j	-1.5102987411699998e-05+0.0j	1.02148640811e-05+0.0j	-2.07704115829e-05+0.0j	2.92593078807e-05+0.0j	
-0.0004440431043507432+0.0j	-0.001238207340949371+0.0j	0.9999991265244161+0.0j	1.72744847988e-05+0.0j	-7.885727479e-07+0.0j	2.10215928331e-05+0.0j	2.00294145233e-05+0.0j	1.8352318559400003e-05+0.0j	3.82854697745e-05+0.0j	-7.3821255735e-06+0.0j	-1.3297071252300001e-05+0.0j	9.4362864743e-06+0.0j	
